# t theta omega l v E_kin E_pot E_elastic E_tot
0.00000 0.15000 0.10000 1.10000 0.00000 0.00605 0.12117 0.05000 0.17722
0.01000 0.15093 0.08656 1.10044 0.08707 0.00833 0.12273 0.05044 0.18149
0.02000 0.15173 0.07294 1.10174 0.17402 0.01837 0.12417 0.05176 0.19430
0.03000 0.15239 0.05920 1.10392 0.26076 0.03613 0.12550 0.05399 0.21563
0.04000 0.15291 0.04542 1.10696 0.34721 0.06154 0.12671 0.05720 0.24545
0.05000 0.15330 0.03166 1.11086 0.43330 0.09449 0.12780 0.06145 0.28374
0.06000 0.15355 0.01798 1.11562 0.51894 0.13485 0.12876 0.06684 0.33045
0.07000 0.15366 0.00445 1.12124 0.60405 0.18245 0.12960 0.07349 0.38554
0.08000 0.15364 -0.00888 1.12770 0.68855 0.23710 0.13031 0.08153 0.44895
0.09000 0.15348 -0.02194 1.13500 0.77237 0.29859 0.13089 0.09113 0.52061
0.10000 0.15320 -0.03469 1.14314 0.85543 0.36667 0.13134 0.10245 0.60046
0.11000 0.15279 -0.04708 1.15211 0.93765 0.44106 0.13167 0.11569 0.68842
0.12000 0.15226 -0.05907 1.16189 1.01895 0.52148 0.13187 0.13105 0.78440
0.13000 0.15161 -0.07061 1.17249 1.09925 0.60761 0.13194 0.14876 0.88830
0.14000 0.15085 -0.08168 1.18388 1.17849 0.69910 0.13189 0.16905 1.00004
0.15000 0.14998 -0.09225 1.19605 1.25658 0.79559 0.13171 0.19218 1.11949
0.16000 0.14901 -0.10231 1.20900 1.33346 0.89671 0.13142 0.21841 1.24654
0.17000 0.14793 -0.11183 1.22272 1.40904 1.00204 0.13101 0.24801 1.38107
0.18000 0.14677 -0.12080 1.23718 1.48325 1.11119 0.13049 0.28127 1.52295
0.19000 0.14552 -0.12923 1.25238 1.55603 1.22371 0.12985 0.31847 1.67204
0.20000 0.14419 -0.13710 1.26829 1.62730 1.33917 0.12911 0.35991 1.82819
0.21000 0.14278 -0.14442 1.28492 1.69699 1.45710 0.12827 0.40589 1.99126
0.22000 0.14130 -0.15120 1.30223 1.76503 1.57705 0.12732 0.45671 2.16109
0.23000 0.13976 -0.15744 1.32021 1.83136 1.69855 0.12628 0.51268 2.33750
0.24000 0.13815 -0.16317 1.33885 1.89591 1.82110 0.12514 0.57410 2.52034
0.25000 0.13650 -0.16839 1.35812 1.95861 1.94423 0.12392 0.64127 2.70942
0.26000 0.13479 -0.17312 1.37802 2.01941 2.06746 0.12261 0.71448 2.90456
0.27000 0.13304 -0.17738 1.39851 2.07824 2.19030 0.12123 0.79403 3.10556
0.28000 0.13124 -0.18119 1.41957 2.13504 2.31227 0.11976 0.88021 3.31224
0.29000 0.12941 -0.18457 1.44120 2.18975 2.43288 0.11823 0.97329 3.52439
0.30000 0.12755 -0.18755 1.46336 2.24232 2.55166 0.11662 1.07352 3.74180
0.31000 0.12566 -0.19014 1.48604 2.29269 2.66814 0.11495 1.18117 3.96426
0.32000 0.12375 -0.19237 1.50921 2.34082 2.78187 0.11322 1.29646 4.19155
0.33000 0.12182 -0.19426 1.53285 2.38665 2.89239 0.11143 1.41963 4.42346
0.34000 0.11987 -0.19583 1.55693 2.43014 2.99927 0.10959 1.55087 4.65974
0.35000 0.11790 -0.19711 1.58144 2.47124 3.10209 0.10770 1.69038 4.90017
0.36000 0.11593 -0.19811 1.60635 2.50990 3.20045 0.10577 1.83830 5.14452
0.37000 0.11394 -0.19886 1.63163 2.54610 3.29395 0.10379 1.99480 5.39253
0.38000 0.11195 -0.19938 1.65726 2.57978 3.38223 0.10177 2.15998 5.64398
0.39000 0.10995 -0.19968 1.68322 2.61092 3.46495 0.09971 2.33394 5.89860
0.40000 0.10796 -0.19979 1.70947 2.63949 3.54177 0.09763 2.51676 6.15616
0.41000 0.10596 -0.19971 1.73600 2.66544 3.61239 0.09551 2.70848 6.41639
0.42000 0.10396 -0.19948 1.76277 2.68876 3.67655 0.09337 2.90912 6.67903
0.43000 0.10197 -0.19910 1.78977 2.70942 3.73398 0.09120 3.11866 6.94383
0.44000 0.09998 -0.19859 1.81695 2.72740 3.78446 0.08901 3.33706 7.21053
0.45000 0.09800 -0.19796 1.84431 2.74268 3.82779 0.08681 3.56426 7.47886
0.46000 0.09602 -0.19722 1.87180 2.75524 3.86381 0.08459 3.80016 7.74856
0.47000 0.09405 -0.19640 1.89940 2.76507 3.89238 0.08235 4.04462 8.01935
0.48000 0.09209 -0.19549 1.92709 2.77215 3.91338 0.08011 4.29748 8.29097
0.49000 0.09014 -0.19452 1.95484 2.77649 3.92674 0.07786 4.55855 8.56316
0.50000 0.08820 -0.19348 1.98261 2.77807 3.93240 0.07561 4.82762 8.83563
0.51000 0.08627 -0.19239 2.01039 2.77689 3.93036 0.07335 5.10442 9.10812
0.52000 0.08436 -0.19126 2.03814 2.77295 3.92061 0.07110 5.38866 9.38037
0.53000 0.08245 -0.19010 2.06584 2.76626 3.90320 0.06884 5.68005 9.65209
0.54000 0.08055 -0.18890 2.09346 2.75681 3.87820 0.06660 5.97822 9.92302
0.55000 0.07867 -0.18769 2.12096 2.74463 3.84572 0.06435 6.28281 10.19288
0.56000 0.07680 -0.18646 2.14834 2.72971 3.80589 0.06212 6.59341 10.46142
0.57000 0.07494 -0.18522 2.17555 2.71208 3.75887 0.05990 6.90959 10.72836
0.58000 0.07310 -0.18398 2.20257 2.69175 3.70486 0.05770 7.23089 10.99344
0.59000 0.07126 -0.18273 2.22938 2.66874 3.64406 0.05551 7.55682 11.25640
0.60000 0.06944 -0.18150 2.25594 2.64307 3.57674 0.05334 7.88689 11.51696
0.61000 0.06763 -0.18026 2.28223 2.61477 3.50315 0.05119 8.22055 11.77488
0.62000 0.06584 -0.17905 2.30822 2.58387 3.42359 0.04906 8.55725 12.02990
0.63000 0.06405 -0.17784 2.33390 2.55039 3.33839 0.04695 8.89641 12.28175
0.64000 0.06228 -0.17665 2.35922 2.51438 3.24789 0.04487 9.23744 12.53020
0.65000 0.06052 -0.17549 2.38418 2.47585 3.15245 0.04282 9.57972 12.77499
0.66000 0.05877 -0.17434 2.40873 2.43486 3.05246 0.04079 9.92263 13.01588
0.67000 0.05703 -0.17322 2.43287 2.39145 2.94831 0.03880 10.26552 13.25263
0.68000 0.05530 -0.17213 2.45655 2.34565 2.84043 0.03685 10.60773 13.48501
0.69000 0.05359 -0.17106 2.47977 2.29751 2.72924 0.03492 10.94861 13.71277
0.70000 0.05188 -0.17003 2.50250 2.24708 2.61520 0.03304 11.28747 13.93570
0.71000 0.05019 -0.16902 2.52470 2.19441 2.49876 0.03119 11.62362 14.15358
0.72000 0.04850 -0.16805 2.54638 2.13955 2.38040 0.02938 11.95640 14.36617
0.73000 0.04683 -0.16711 2.56749 2.08256 2.26057 0.02761 12.28511 14.57329
0.74000 0.04516 -0.16621 2.58802 2.02349 2.13977 0.02589 12.60905 14.77470
0.75000 0.04350 -0.16534 2.60795 1.96241 2.01848 0.02421 12.92755 14.97023
0.76000 0.04185 -0.16450 2.62726 1.89936 1.89718 0.02257 13.23991 15.15966
0.77000 0.04021 -0.16370 2.64593 1.83442 1.77636 0.02098 13.54547 15.34282
0.78000 0.03858 -0.16294 2.66394 1.76766 1.65651 0.01945 13.84356 15.51952
0.79000 0.03695 -0.16222 2.68128 1.69913 1.53811 0.01796 14.13351 15.68958
0.80000 0.03534 -0.16153 2.69792 1.62890 1.42162 0.01652 14.41469 15.85283
0.81000 0.03372 -0.16089 2.71385 1.55705 1.30752 0.01514 14.68645 16.00912
0.82000 0.03212 -0.16028 2.72906 1.48365 1.19627 0.01381 14.94820 16.15827
0.83000 0.03052 -0.15971 2.74352 1.40876 1.08831 0.01253 15.19932 16.30016
0.84000 0.02892 -0.15918 2.75723 1.33248 0.98406 0.01131 15.43925 16.43463
0.85000 0.02733 -0.15869 2.77017 1.25486 0.88396 0.01015 15.66743 16.56155
0.86000 0.02575 -0.15824 2.78232 1.17599 0.78840 0.00905 15.88334 16.68079
0.87000 0.02417 -0.15783 2.79368 1.09595 0.69776 0.00800 16.08647 16.79224
0.88000 0.02259 -0.15746 2.80424 1.01482 0.61241 0.00702 16.27635 16.89578
0.89000 0.02102 -0.15713 2.81397 0.93267 0.53269 0.00610 16.45252 16.99131
0.90000 0.01945 -0.15684 2.82289 0.84960 0.45892 0.00524 16.61458 17.07874
0.91000 0.01788 -0.15660 2.83096 0.76567 0.39139 0.00444 16.76214 17.15798
0.92000 0.01632 -0.15639 2.83820 0.68099 0.33038 0.00371 16.89485 17.22894
0.93000 0.01475 -0.15622 2.84458 0.59562 0.27613 0.00304 17.01240 17.29156
0.94000 0.01319 -0.15610 2.85011 0.50967 0.22885 0.00243 17.11450 17.34578
0.95000 0.01163 -0.15602 2.85477 0.42320 0.18874 0.00189 17.20091 17.39154
0.96000 0.01007 -0.15597 2.85857 0.33632 0.15595 0.00142 17.27143 17.42880
0.97000 0.00851 -0.15597 2.86150 0.24910 0.13062 0.00102 17.32588 17.45752
0.98000 0.00695 -0.15601 2.86355 0.16163 0.11286 0.00068 17.36413 17.47767
0.99000 0.00539 -0.15610 2.86473 0.07401 0.10272 0.00041 17.38610 17.48923
1.00000 0.00383 -0.15622 2.86503 -0.01369 0.10026 0.00021 17.39172 17.49218
1.01000 0.00227 -0.15639 2.86446 -0.10137 0.10548 0.00007 17.38099 17.48654
1.02000 0.00070 -0.15660 2.86300 -0.18895 0.11836 0.00001 17.35393 17.47230
1.03000 -0.00086 -0.15685 2.86068 -0.27634 0.13885 0.00001 17.31062 17.44947
1.04000 -0.00243 -0.15715 2.85748 -0.36345 0.16687 0.00008 17.25114 17.41809
1.05000 -0.00401 -0.15748 2.85341 -0.45020 0.20230 0.00022 17.17565 17.37818
1.06000 -0.00558 -0.15786 2.84848 -0.53649 0.24501 0.00044 17.08433 17.32978
1.07000 -0.00716 -0.15829 2.84268 -0.62225 0.29483 0.00072 16.97739 17.27293
1.08000 -0.00875 -0.15876 2.83603 -0.70738 0.35155 0.00107 16.85510 17.20771
1.09000 -0.01034 -0.15927 2.82854 -0.79180 0.41495 0.00148 16.71774 17.13417
1.10000 -0.01194 -0.15982 2.82020 -0.87543 0.48477 0.00197 16.56564 17.05239
1.11000 -0.01354 -0.16042 2.81103 -0.95819 0.56074 0.00253 16.39917 16.96244
1.12000 -0.01514 -0.16106 2.80104 -1.03998 0.64255 0.00315 16.21872 16.86442
1.13000 -0.01676 -0.16175 2.79024 -1.12074 0.72988 0.00384 16.02471 16.75843
1.14000 -0.01838 -0.16248 2.77863 -1.20037 0.82237 0.00460 15.81760 16.64457
1.15000 -0.02001 -0.16326 2.76623 -1.27880 0.91965 0.00543 15.59787 16.52295
1.16000 -0.02164 -0.16408 2.75306 -1.35596 1.02134 0.00633 15.36604 16.39371
1.17000 -0.02329 -0.16495 2.73912 -1.43175 1.12703 0.00729 15.12264 16.25696
1.18000 -0.02494 -0.16587 2.72443 -1.50612 1.23630 0.00831 14.86823 16.11284
1.19000 -0.02661 -0.16682 2.70900 -1.57898 1.34870 0.00941 14.60340 15.96151
1.20000 -0.02828 -0.16783 2.69285 -1.65026 1.46380 0.01056 14.32874 15.80310
1.21000 -0.02996 -0.16888 2.67600 -1.71988 1.58112 0.01178 14.04488 15.63778
1.22000 -0.03166 -0.16997 2.65846 -1.78779 1.70020 0.01307 13.75245 15.46572
1.23000 -0.03336 -0.17111 2.64025 -1.85392 1.82056 0.01441 13.45210 15.28708
1.24000 -0.03508 -0.17230 2.62139 -1.91819 1.94172 0.01582 13.14450 15.10204
1.25000 -0.03681 -0.17353 2.60189 -1.98054 2.06320 0.01729 12.83030 14.91079
1.26000 -0.03855 -0.17481 2.58178 -2.04091 2.18450 0.01882 12.51020 14.71352
1.27000 -0.04031 -0.17613 2.56108 -2.09924 2.30515 0.02041 12.18488 14.51043
1.28000 -0.04207 -0.17750 2.53981 -2.15548 2.42466 0.02205 11.85501 14.30172
1.29000 -0.04386 -0.17891 2.51798 -2.20956 2.54254 0.02375 11.52130 14.08760
1.30000 -0.04565 -0.18036 2.49562 -2.26143 2.65834 0.02551 11.18443 13.86828
1.31000 -0.04746 -0.18186 2.47276 -2.31105 2.77158 0.02732 10.84508 13.64398
1.32000 -0.04929 -0.18339 2.44941 -2.35835 2.88181 0.02918 10.50393 13.41492
1.33000 -0.05113 -0.18497 2.42560 -2.40330 2.98859 0.03110 10.16166 13.18134
1.34000 -0.05299 -0.18659 2.40135 -2.44586 3.09149 0.03307 9.81892 12.94347
1.35000 -0.05486 -0.18825 2.37669 -2.48596 3.19009 0.03508 9.47637 12.70155
1.36000 -0.05675 -0.18994 2.35164 -2.52359 3.28401 0.03714 9.13465 12.45581
1.37000 -0.05866 -0.19167 2.32623 -2.55870 3.37287 0.03925 8.79438 12.20650
1.38000 -0.06059 -0.19343 2.30047 -2.59125 3.45630 0.04141 8.45617 11.95388
1.39000 -0.06253 -0.19522 2.27441 -2.62122 3.53397 0.04361 8.12060 11.69818
1.40000 -0.06449 -0.19703 2.24806 -2.64858 3.60558 0.04585 7.78825 11.43968
1.41000 -0.06647 -0.19888 2.22145 -2.67329 3.67083 0.04813 7.45967 11.17862
1.42000 -0.06847 -0.20074 2.19460 -2.69533 3.72945 0.05045 7.13537 10.91526
1.43000 -0.07049 -0.20262 2.16755 -2.71469 3.78122 0.05280 6.81586 10.64988
1.44000 -0.07252 -0.20451 2.14032 -2.73135 3.82593 0.05519 6.50161 10.38273
1.45000 -0.07458 -0.20641 2.11293 -2.74528 3.86338 0.05761 6.19308 10.11408
1.46000 -0.07665 -0.20832 2.08542 -2.75647 3.89344 0.06007 5.89069 9.84420
1.47000 -0.07874 -0.21022 2.05781 -2.76492 3.91597 0.06255 5.59482 9.57335
1.48000 -0.08085 -0.21212 2.03013 -2.77062 3.93089 0.06506 5.30585 9.30181
1.49000 -0.08299 -0.21399 2.00241 -2.77356 3.93813 0.06760 5.02411 9.02984
1.50000 -0.08513 -0.21585 1.97467 -2.77375 3.93767 0.07016 4.74990 8.75773
1.51000 -0.08730 -0.21767 1.94694 -2.77117 3.92949 0.07274 4.48350 8.48572
1.52000 -0.08949 -0.21945 1.91925 -2.76584 3.91363 0.07534 4.22515 8.21411
1.53000 -0.09169 -0.22118 1.89163 -2.75776 3.89014 0.07795 3.97506 7.94316
1.54000 -0.09391 -0.22285 1.86411 -2.74694 3.85913 0.08058 3.73342 7.67313
1.55000 -0.09615 -0.22444 1.83670 -2.73340 3.82070 0.08322 3.50038 7.40430
1.56000 -0.09840 -0.22595 1.80945 -2.71714 3.77501 0.08587 3.27605 7.13693
1.57000 -0.10067 -0.22736 1.78237 -2.69820 3.72224 0.08852 3.06052 6.87128
1.58000 -0.10295 -0.22865 1.75549 -2.67658 3.66259 0.09118 2.85386 6.60763
1.59000 -0.10524 -0.22981 1.72885 -2.65231 3.59629 0.09383 2.65610 6.34622
1.60000 -0.10754 -0.23083 1.70246 -2.62541 3.52361 0.09648 2.46723 6.08733
1.61000 -0.10986 -0.23167 1.67635 -2.59593 3.44483 0.09913 2.28724 5.83120
1.62000 -0.11218 -0.23234 1.65055 -2.56388 3.36027 0.10177 2.11606 5.57809
1.63000 -0.11450 -0.23280 1.62508 -2.52930 3.27024 0.10439 1.95362 5.32825
1.64000 -0.11683 -0.23303 1.59997 -2.49223 3.17511 0.10700 1.79982 5.08193
1.65000 -0.11916 -0.23301 1.57524 -2.45271 3.07525 0.10958 1.65452 4.83936
1.66000 -0.12149 -0.23273 1.55092 -2.41077 2.97105 0.11214 1.51758 4.60078
1.67000 -0.12381 -0.23214 1.52704 -2.36647 2.86293 0.11468 1.38883 4.36644
1.68000 -0.12613 -0.23124 1.50360 -2.31985 2.75130 0.11718 1.26807 4.13656
1.69000 -0.12844 -0.22999 1.48065 -2.27096 2.63661 0.11964 1.15510 3.91136
1.70000 -0.13073 -0.22837 1.45819 -2.21985 2.51931 0.12206 1.04969 3.69107
1.71000 -0.13300 -0.22635 1.43626 -2.16657 2.39986 0.12444 0.95160 3.47590
1.72000 -0.13526 -0.22390 1.41487 -2.11118 2.27872 0.12677 0.86057 3.26606
1.73000 -0.13748 -0.22101 1.39404 -2.05374 2.15638 0.12904 0.77634 3.06175
1.74000 -0.13967 -0.21763 1.37380 -1.99430 2.03331 0.13125 0.69862 2.86318
1.75000 -0.14183 -0.21375 1.35416 -1.93293 1.90999 0.13339 0.62715 2.67053
1.76000 -0.14395 -0.20935 1.33515 -1.86968 1.78692 0.13546 0.56161 2.48400
1.77000 -0.14602 -0.20439 1.31677 -1.80464 1.66457 0.13746 0.50172 2.30376
1.78000 -0.14803 -0.19887 1.29906 -1.73785 1.54343 0.13938 0.44718 2.12999
1.79000 -0.14999 -0.19275 1.28202 -1.66939 1.42396 0.14121 0.39768 1.96285
1.80000 -0.15189 -0.18603 1.26568 -1.59933 1.30664 0.14294 0.35292 1.80250
1.81000 -0.15371 -0.17870 1.25004 -1.52773 1.19193 0.14458 0.31260 1.64911
1.82000 -0.15546 -0.17073 1.23513 -1.45467 1.08027 0.14612 0.27642 1.50281
1.83000 -0.15712 -0.16214 1.22095 -1.38023 0.97211 0.14755 0.24410 1.36375
1.84000 -0.15870 -0.15292 1.20753 -1.30446 0.86786 0.14886 0.21534 1.23205
1.85000 -0.16018 -0.14308 1.19487 -1.22746 0.76794 0.15005 0.18986 1.10785
1.86000 -0.16156 -0.13262 1.18298 -1.14928 0.67273 0.15112 0.16741 0.99127
1.87000 -0.16283 -0.12156 1.17188 -1.07002 0.58261 0.15207 0.14772 0.88240
1.88000 -0.16399 -0.10992 1.16158 -0.98973 0.49794 0.15288 0.13055 0.78136
1.89000 -0.16503 -0.09774 1.15209 -0.90851 0.41904 0.15355 0.11566 0.68825
1.90000 -0.16594 -0.08504 1.14342 -0.82642 0.34622 0.15408 0.10284 0.60314
1.91000 -0.16673 -0.07187 1.13557 -0.74355 0.27976 0.15447 0.09189 0.52613
1.92000 -0.16738 -0.05827 1.12855 -0.65997 0.21994 0.15472 0.08262 0.45728
1.93000 -0.16789 -0.04429 1.12237 -0.57575 0.16698 0.15481 0.07487 0.39666
1.94000 -0.16826 -0.02998 1.11703 -0.49098 0.12109 0.15476 0.06849 0.34433
1.95000 -0.16849 -0.01542 1.11255 -0.40573 0.08246 0.15455 0.06334 0.30035
1.96000 -0.16857 -0.00066 1.10892 -0.32009 0.05123 0.15419 0.05932 0.26474
1.97000 -0.16850 0.01423 1.10615 -0.23413 0.02753 0.15369 0.05634 0.23756
1.98000 -0.16828 0.02919 1.10424 -0.14792 0.01146 0.15303 0.05433 0.21882
1.99000 -0.16792 0.04413 1.10319 -0.06155 0.00308 0.15222 0.05324 0.20854
2.00000 -0.16740 0.05898 1.10301 0.02490 0.00243 0.15126 0.05305 0.20674
2.01000 -0.16674 0.07369 1.10369 0.11135 0.00951 0.15016 0.05376 0.21342
2.02000 -0.16593 0.08817 1.10524 0.19773 0.02430 0.14892 0.05537 0.22859
2.03000 -0.16498 0.10235 1.10764 0.28396 0.04674 0.14754 0.05794 0.25221
2.04000 -0.16388 0.11619 1.11091 0.36995 0.07676 0.14602 0.06151 0.28429
2.05000 -0.16265 0.12960 1.11504 0.45562 0.11424 0.14438 0.06617 0.32479
2.06000 -0.16129 0.14254 1.12003 0.54089 0.15903 0.14261 0.07203 0.37367
2.07000 -0.15980 0.15496 1.12586 0.62569 0.21097 0.14073 0.07920 0.43090
2.08000 -0.15820 0.16682 1.13254 0.70994 0.26985 0.13873 0.08783 0.49641
2.09000 -0.15647 0.17806 1.14006 0.79354 0.33546 0.13663 0.09808 0.57016
2.10000 -0.15464 0.18867 1.14841 0.87642 0.40753 0.13443 0.11012 0.65208
2.11000 -0.15270 0.19861 1.15758 0.95851 0.48580 0.13214 0.12416 0.74209
2.12000 -0.15067 0.20786 1.16757 1.03971 0.56995 0.12976 0.14040 0.84011
2.13000 -0.14854 0.21642 1.17837 1.11995 0.65967 0.12730 0.15908 0.94605
2.14000 -0.14634 0.22428 1.18997 1.19915 0.75460 0.12477 0.18044 1.05981
2.15000 -0.14406 0.23143 1.20235 1.27723 0.85438 0.12218 0.20473 1.18129
2.16000 -0.14171 0.23787 1.21551 1.35411 0.95861 0.11954 0.23222 1.31037
2.17000 -0.13931 0.24363 1.22943 1.42971 1.06690 0.11684 0.26319 1.44693
2.18000 -0.13684 0.24870 1.24410 1.50396 1.17882 0.11409 0.29792 1.59083
2.19000 -0.13433 0.25312 1.25950 1.57677 1.29393 0.11132 0.33671 1.74196
2.20000 -0.13178 0.25690 1.27563 1.64808 1.41178 0.10851 0.37986 1.90015
2.21000 -0.12920 0.26006 1.29246 1.71781 1.53192 0.10567 0.42767 2.06526
2.22000 -0.12658 0.26264 1.30998 1.78588 1.65387 0.10282 0.48044 2.23713
2.23000 -0.12395 0.26466 1.32817 1.85222 1.77715 0.09996 0.53848 2.41559
2.24000 -0.12129 0.26615 1.34702 1.91678 1.90128 0.09708 0.60211 2.60047
2.25000 -0.11863 0.26715 1.36650 1.97947 2.02577 0.09421 0.67162 2.79160
2.26000 -0.11595 0.26768 1.38660 2.04023 2.15014 0.09134 0.74730 2.98878
2.27000 -0.11327 0.26777 1.40730 2.09899 2.27389 0.08847 0.82946 3.19183
2.28000 -0.11060 0.26747 1.42857 2.15571 2.39653 0.08562 0.91838 3.40054
2.29000 -0.10793 0.26680 1.45041 2.21030 2.51759 0.08279 1.01433 3.61471
2.30000 -0.10526 0.26579 1.47277 2.26273 2.63659 0.07997 1.11757 3.83413
2.31000 -0.10261 0.26447 1.49565 2.31293 2.75305 0.07717 1.22836 4.05858
2.32000 -0.09997 0.26287 1.51902 2.36084 2.86651 0.07441 1.34693 4.28785
2.33000 -0.09735 0.26103 1.54286 2.40642 2.97654 0.07167 1.47350 4.52170
2.34000 -0.09475 0.25896 1.56714 2.44963 3.08268 0.06896 1.60827 4.75991
2.35000 -0.09218 0.25669 1.59185 2.49040 3.18453 0.06629 1.75141 5.00224
2.36000 -0.08962 0.25425 1.61694 2.52871 3.28169 0.06366 1.90310 5.24845
2.37000 -0.08709 0.25165 1.64241 2.56450 3.37375 0.06107 2.06347 5.49829
2.38000 -0.08459 0.24893 1.66823 2.59775 3.46038 0.05851 2.23263 5.75152
2.39000 -0.08211 0.24609 1.69436 2.62841 3.54121 0.05600 2.41067 6.00789
2.40000 -0.07967 0.24316 1.72079 2.65646 3.61593 0.05354 2.59766 6.26713
2.41000 -0.07725 0.24015 1.74748 2.68186 3.68424 0.05113 2.79363 6.52900
2.42000 -0.07486 0.23709 1.77441 2.70458 3.74588 0.04876 2.99859 6.79322
2.43000 -0.07251 0.23397 1.80156 2.72461 3.80060 0.04644 3.21251 7.05955
2.44000 -0.07018 0.23083 1.82890 2.74192 3.84818 0.04417 3.43535 7.32770
2.45000 -0.06789 0.22766 1.85639 2.75649 3.88844 0.04195 3.66703 7.59742
2.46000 -0.06563 0.22448 1.88402 2.76831 3.92121 0.03979 3.90744 7.86844
2.47000 -0.06340 0.22130 1.91175 2.77736 3.94637 0.03768 4.15643 8.14048
2.48000 -0.06121 0.21812 1.93956 2.78364 3.96381 0.03563 4.41383 8.41327
2.49000 -0.05904 0.21497 1.96741 2.78713 3.97348 0.03363 4.67943 8.68653
2.50000 -0.05691 0.21183 1.99529 2.78783 3.97532 0.03168 4.95300 8.96001
2.51000 -0.05480 0.20872 2.02316 2.78574 3.96934 0.02980 5.23428 9.23342
2.52000 -0.05273 0.20565 2.05099 2.78087 3.95556 0.02797 5.52295 9.50648
2.53000 -0.05069 0.20261 2.07877 2.77321 3.93404 0.02619 5.81870 9.77893
2.54000 -0.04868 0.19962 2.10645 2.76277 3.90486 0.02448 6.12116 10.05049
2.55000 -0.04670 0.19667 2.13401 2.74957 3.86814 0.02282 6.42994 10.32090
2.56000 -0.04475 0.19378 2.16143 2.73361 3.82402 0.02122 6.74462 10.58987
2.57000 -0.04282 0.19093 2.18868 2.71491 3.77270 0.01968 7.06476 10.85714
2.58000 -0.04093 0.18814 2.21572 2.69350 3.71435 0.01820 7.38989 11.12245
2.59000 -0.03906 0.18541 2.24254 2.66938 3.64924 0.01678 7.71950 11.38552
2.60000 -0.03722 0.18273 2.26910 2.64259 3.57760 0.01542 8.05307 11.64609
2.61000 -0.03540 0.18011 2.29538 2.61315 3.49974 0.01411 8.39006 11.90391
2.62000 -0.03362 0.17755 2.32135 2.58109 3.41596 0.01287 8.72988 12.15871
2.63000 -0.03185 0.17506 2.34699 2.54644 3.32659 0.01168 9.07196 12.41023
2.64000 -0.03011 0.17262 2.37227 2.50924 3.23200 0.01055 9.41569 12.65823
2.65000 -0.02840 0.17024 2.39717 2.46953 3.13255 0.00948 9.76043 12.90246
2.66000 -0.02671 0.16793 2.42166 2.42733 3.02866 0.00847 10.10554 13.14267
2.67000 -0.02504 0.16567 2.44571 2.38271 2.92073 0.00752 10.45037 13.37863
2.68000 -0.02340 0.16348 2.46930 2.33569 2.80920 0.00663 10.79426 13.61008
2.69000 -0.02177 0.16135 2.49241 2.28633 2.69451 0.00579 11.13651 13.83681
2.70000 -0.02017 0.15927 2.51502 2.23467 2.57711 0.00502 11.47646 14.05859
2.71000 -0.01859 0.15726 2.53710 2.18078 2.45749 0.00430 11.81340 14.27518
2.72000 -0.01702 0.15530 2.55863 2.12469 2.33611 0.00364 12.14664 14.48638
2.73000 -0.01548 0.15341 2.57959 2.06648 2.21346 0.00303 12.47549 14.69198
2.74000 -0.01396 0.15156 2.59995 2.00618 2.09003 0.00248 12.79924 14.89176
2.75000 -0.01245 0.14978 2.61970 1.94388 1.96632 0.00199 13.11722 15.08552
2.76000 -0.01096 0.14805 2.63882 1.87963 1.84281 0.00155 13.42872 15.27308
2.77000 -0.00949 0.14638 2.65729 1.81348 1.72001 0.00117 13.73307 15.45424
2.78000 -0.00803 0.14476 2.67509 1.74552 1.59839 0.00085 14.02959 15.62883
2.79000 -0.00659 0.14319 2.69220 1.67580 1.47846 0.00057 14.31763 15.79666
2.80000 -0.00517 0.14167 2.70860 1.60440 1.36068 0.00035 14.59653 15.95757
2.81000 -0.00376 0.14020 2.72428 1.53139 1.24553 0.00019 14.86567 16.11139
2.82000 -0.00236 0.13879 2.73922 1.45684 1.13346 0.00008 15.12444 16.25797
2.83000 -0.00098 0.13742 2.75341 1.38083 1.02493 0.00001 15.37223 16.39717
2.84000 0.00039 0.13610 2.76683 1.30343 0.92036 0.00000 15.60848 16.52885
2.85000 0.00174 0.13483 2.77947 1.22471 0.82018 0.00004 15.83264 16.65286
2.86000 0.00308 0.13360 2.79132 1.14477 0.72478 0.00013 16.04418 16.76910
2.87000 0.00441 0.13242 2.80237 1.06367 0.63455 0.00027 16.24261 16.87743
2.88000 0.00573 0.13128 2.81259 0.98150 0.54984 0.00045 16.42746 16.97775
2.89000 0.00704 0.13019 2.82199 0.89835 0.47100 0.00069 16.59828 17.06997
2.90000 0.00833 0.12913 2.83056 0.81428 0.39833 0.00096 16.75468 17.15398
2.91000 0.00962 0.12812 2.83828 0.72940 0.33213 0.00129 16.89628 17.22970
2.92000 0.01090 0.12715 2.84514 0.64378 0.27266 0.00166 17.02274 17.29706
2.93000 0.01216 0.12622 2.85115 0.55751 0.22016 0.00207 17.13376 17.35599
2.94000 0.01342 0.12533 2.85629 0.47067 0.17484 0.00252 17.22907 17.40643
2.95000 0.01467 0.12447 2.86056 0.38336 0.13687 0.00302 17.30843 17.44832
2.96000 0.01591 0.12365 2.86396 0.29565 0.10641 0.00356 17.37166 17.48163
2.97000 0.01714 0.12287 2.86647 0.20765 0.08358 0.00413 17.41860 17.50632
2.98000 0.01837 0.12212 2.86811 0.11943 0.06847 0.00475 17.44914 17.52236
2.99000 0.01959 0.12141 2.86886 0.03108 0.06114 0.00540 17.46320 17.52975
3.00000 0.02080 0.12073 2.86873 -0.05731 0.06162 0.00609 17.46075 17.52846
3.01000 0.02200 0.12009 2.86771 -0.14564 0.06990 0.00681 17.44179 17.51850
3.02000 0.02320 0.11947 2.86582 -0.23384 0.08595 0.00756 17.40637 17.49989
3.03000 0.02439 0.11889 2.86304 -0.32181 0.10971 0.00835 17.35457 17.47263
3.04000 0.02558 0.11833 2.85938 -0.40947 0.14108 0.00917 17.28651 17.43676
3.05000 0.02676 0.11781 2.85485 -0.49672 0.17993 0.01002 17.20236 17.39231
3.06000 0.02793 0.11731 2.84945 -0.58349 0.22610 0.01090 17.10231 17.33932
3.07000 0.02910 0.11685 2.84318 -0.66968 0.27942 0.01181 16.98662 17.27785
3.08000 0.03027 0.11641 2.83606 -0.75520 0.33966 0.01275 16.85554 17.20795
3.09000 0.03143 0.11599 2.82808 -0.83998 0.40659 0.01370 16.70941 17.12970
3.10000 0.03259 0.11560 2.81926 -0.92393 0.47993 0.01469 16.54855 17.04317
3.11000 0.03374 0.11524 2.80961 -1.00696 0.55940 0.01569 16.37337 16.94845
3.12000 0.03489 0.11490 2.79913 -1.08899 0.64467 0.01672 16.18426 16.84564
3.13000 0.03604 0.11458 2.78783 -1.16993 0.73539 0.01776 15.98167 16.73483
3.14000 0.03719 0.11429 2.77573 -1.24972 0.83122 0.01883 15.76609 16.61614
3.15000 0.03833 0.11401 2.76284 -1.32827 0.93176 0.01991 15.53801 16.48968
3.16000 0.03947 0.11376 2.74917 -1.40549 1.03660 0.02100 15.29797 16.35557
3.17000 0.04060 0.11352 2.73473 -1.48131 1.14534 0.02211 15.04652 16.21396
3.18000 0.04174 0.11331 2.71955 -1.55567 1.25753 0.02323 14.78423 16.06499
3.19000 0.04287 0.11311 2.70363 -1.62847 1.37272 0.02437 14.51171 15.90879
3.20000 0.04400 0.11292 2.68698 -1.69966 1.49045 0.02551 14.22958 15.74553
3.21000 0.04513 0.11275 2.66964 -1.76915 1.61025 0.02666 13.93846 15.57538
3.22000 0.04625 0.11259 2.65161 -1.83688 1.73164 0.02782 13.63903 15.39849
3.23000 0.04738 0.11245 2.63291 -1.90279 1.85413 0.02899 13.33193 15.21504
3.24000 0.04850 0.11231 2.61356 -1.96680 1.97723 0.03015 13.01784 15.02522
3.25000 0.04963 0.11219 2.59358 -2.02885 2.10045 0.03132 12.69745 14.82922
3.26000 0.05075 0.11207 2.57299 -2.08888 2.22329 0.03249 12.37144 14.62723
3.27000 0.05187 0.11196 2.55181 -2.14683 2.34526 0.03367 12.04052 14.41945
3.28000 0.05299 0.11185 2.53006 -2.20265 2.46587 0.03483 11.70538 14.20609
3.29000 0.05410 0.11175 2.50776 -2.25627 2.58464 0.03600 11.36672 13.98736
3.30000 0.05522 0.11164 2.48494 -2.30764 2.70109 0.03716 11.02523 13.76348
3.31000 0.05634 0.11154 2.46162 -2.35672 2.81475 0.03831 10.68161 13.53467
3.32000 0.05745 0.11142 2.43781 -2.40345 2.92518 0.03946 10.33653 13.30117
3.33000 0.05857 0.11131 2.41356 -2.44779 3.03191 0.04059 9.99069 13.06320
3.34000 0.05968 0.11118 2.38887 -2.48968 3.13454 0.04172 9.64474 12.82099
3.35000 0.06079 0.11104 2.36377 -2.52910 3.23263 0.04283 9.29934 12.57480
3.36000 0.06190 0.11089 2.33829 -2.56601 3.32581 0.04393 8.95513 12.32487
3.37000 0.06301 0.11072 2.31246 -2.60035 3.41369 0.04501 8.61273 12.07143
3.38000 0.06411 0.11053 2.28629 -2.63211 3.49592 0.04608 8.27276 11.81476
3.39000 0.06522 0.11031 2.25982 -2.66124 3.57218 0.04713 7.93579 11.55510
3.40000 0.06632 0.11006 2.23308 -2.68773 3.64215 0.04816 7.60240 11.29271
3.41000 0.06742 0.10978 2.20608 -2.71154 3.70556 0.04917 7.27313 11.02786
3.42000 0.06852 0.10947 2.17886 -2.73265 3.76214 0.05015 6.94850 10.76080
3.43000 0.06961 0.10911 2.15143 -2.75104 3.81168 0.05111 6.62901 10.49180
3.44000 0.07070 0.10870 2.12384 -2.76670 3.85396 0.05205 6.31513 10.22113
3.45000 0.07178 0.10825 2.09611 -2.77960 3.88882 0.05295 6.00729 9.94906
3.46000 0.07286 0.10773 2.06826 -2.78973 3.91612 0.05383 5.70591 9.67586
3.47000 0.07394 0.10715 2.04032 -2.79709 3.93575 0.05468 5.41138 9.40181
3.48000 0.07500 0.10650 2.01233 -2.80166 3.94762 0.05550 5.12405 9.12717
3.49000 0.07607 0.10577 1.98430 -2.80345 3.95168 0.05629 4.84424 8.85221
3.50000 0.07712 0.10496 1.95627 -2.80244 3.94793 0.05704 4.57225 8.57722
3.51000 0.07817 0.10406 1.92826 -2.79865 3.93636 0.05776 4.30835 8.30246
3.52000 0.07920 0.10306 1.90031 -2.79208 3.91703 0.05844 4.05275 8.02822
3.53000 0.08023 0.10194 1.87243 -2.78273 3.89001 0.05908 3.80566 7.75475
3.54000 0.08124 0.10072 1.84466 -2.77061 3.85540 0.05968 3.56725 7.48234
3.55000 0.08224 0.09936 1.81703 -2.75574 3.81334 0.06024 3.33766 7.21125
3.56000 0.08323 0.09787 1.78955 -2.73813 3.76400 0.06076 3.11698 6.94175
3.57000 0.08420 0.09623 1.76227 -2.71779 3.70758 0.06124 2.90530 6.67411
3.58000 0.08515 0.09444 1.73521 -2.69476 3.64428 0.06167 2.70265 6.40861
3.59000 0.08608 0.09248 1.70839 -2.66904 3.57438 0.06206 2.50906 6.14549
3.60000 0.08700 0.09034 1.68184 -2.64068 3.49813 0.06240 2.32450 5.88503
3.61000 0.08789 0.08801 1.65558 -2.60969 3.41585 0.06269 2.14894 5.62748
3.62000 0.08876 0.08548 1.62965 -2.57610 3.32786 0.06293 1.98230 5.37309
3.63000 0.08960 0.08274 1.60407 -2.53996 3.23451 0.06312 1.82449 5.12213
3.64000 0.09041 0.07978 1.57886 -2.50130 3.13618 0.06326 1.67539 4.87483
3.65000 0.09119 0.07657 1.55405 -2.46015 3.03325 0.06335 1.53486 4.63145
3.66000 0.09194 0.07312 1.52966 -2.41656 2.92613 0.06338 1.40272 4.39223
3.67000 0.09266 0.06941 1.50573 -2.37056 2.81524 0.06336 1.27880 4.15740
3.68000 0.09333 0.06544 1.48226 -2.32221 2.70104 0.06328 1.16288 3.92720
3.69000 0.09396 0.06118 1.45929 -2.27156 2.58397 0.06315 1.05474 3.70186
3.70000 0.09455 0.05663 1.43684 -2.21864 2.46450 0.06296 0.95414 3.48160
3.71000 0.09510 0.05178 1.41493 -2.16353 2.34311 0.06271 0.86081 3.26664
3.72000 0.09559 0.04662 1.39357 -2.10626 2.22027 0.06241 0.77450 3.05719
3.73000 0.09603 0.04116 1.37281 -2.04690 2.09649 0.06204 0.69492 2.85346
3.74000 0.09641 0.03538 1.35264 -1.98550 1.97224 0.06162 0.62179 2.65565
3.75000 0.09673 0.02927 1.33310 -1.92212 1.84804 0.06114 0.55479 2.46397
3.76000 0.09699 0.02285 1.31421 -1.85683 1.72437 0.06060 0.49363 2.27859
3.77000 0.09719 0.01611 1.29597 -1.78969 1.60172 0.06000 0.43800 2.09972
3.78000 0.09732 0.00905 1.27842 -1.72077 1.48059 0.05934 0.38759 1.92751
3.79000 0.09737 0.00169 1.26156 -1.65013 1.36146 0.05862 0.34208 1.76216
3.80000 0.09735 -0.00598 1.24542 -1.57783 1.24481 0.05785 0.30116 1.60381
3.81000 0.09725 -0.01392 1.23001 -1.50396 1.13110 0.05701 0.26453 1.45264
3.82000 0.09707 -0.02214 1.21535 -1.42858 1.02079 0.05613 0.23187 1.30879
3.83000 0.09681 -0.03060 1.20145 -1.35177 0.91431 0.05518 0.20290 1.17240
3.84000 0.09646 -0.03929 1.18832 -1.27359 0.81211 0.05419 0.17732 1.04361
3.85000 0.09602 -0.04818 1.17598 -1.19413 0.71458 0.05314 0.15484 0.92256
3.86000 0.09549 -0.05723 1.16444 -1.11346 0.62212 0.05204 0.13520 0.80936
3.87000 0.09487 -0.06642 1.15371 -1.03166 0.53510 0.05090 0.11814 0.70414
3.88000 0.09416 -0.07571 1.14381 -0.94881 0.45387 0.04971 0.10340 0.60699
3.89000 0.09336 -0.08505 1.13474 -0.86499 0.37876 0.04848 0.09077 0.51801
3.90000 0.09246 -0.09440 1.12651 -0.78028 0.31007 0.04721 0.08003 0.43730
3.91000 0.09147 -0.10373 1.11914 -0.69476 0.24808 0.04590 0.07097 0.36495
3.92000 0.09039 -0.11298 1.11262 -0.60851 0.19304 0.04456 0.06342 0.30102
3.93000 0.08921 -0.12210 1.10697 -0.52163 0.14518 0.04319 0.05721 0.24558
3.94000 0.08795 -0.13105 1.10219 -0.43418 0.10469 0.04179 0.05221 0.19869
3.95000 0.08659 -0.13979 1.09829 -0.34627 0.07174 0.04037 0.04830 0.16041
3.96000 0.08515 -0.14825 1.09526 -0.25798 0.04646 0.03893 0.04538 0.13076
3.97000 0.08363 -0.15640 1.09313 -0.16938 0.02896 0.03748 0.04336 0.10980
3.98000 0.08202 -0.16420 1.09188 -0.08058 0.01932 0.03601 0.04221 0.09754
3.99000 0.08035 -0.17160 1.09152 0.00834 0.01758 0.03454 0.04188 0.09399
4.00000 0.07859 -0.17856 1.09204 0.09729 0.02375 0.03307 0.04236 0.09918
4.01000 0.07678 -0.18506 1.09346 0.18619 0.03781 0.03160 0.04368 0.11308
4.02000 0.07489 -0.19105 1.09577 0.27494 0.05971 0.03013 0.04586 0.13570
4.03000 0.07296 -0.19653 1.09896 0.36346 0.08937 0.02868 0.04897 0.16702
4.04000 0.07097 -0.20146 1.10304 0.45165 0.12668 0.02724 0.05308 0.20700
4.05000 0.06893 -0.20584 1.10799 0.53942 0.17150 0.02581 0.05831 0.25562
4.06000 0.06685 -0.20965 1.11382 0.62669 0.22364 0.02441 0.06478 0.31282
4.07000 0.06474 -0.21289 1.12052 0.71337 0.28290 0.02303 0.07263 0.37856
4.08000 0.06260 -0.21556 1.12809 0.79936 0.34906 0.02167 0.08203 0.45276
4.09000 0.06043 -0.21766 1.13651 0.88459 0.42184 0.02035 0.09317 0.53537
4.10000 0.05824 -0.21921 1.14578 0.96895 0.50098 0.01906 0.10625 0.62629
4.11000 0.05605 -0.22022 1.15588 1.05237 0.58614 0.01780 0.12150 0.72544
4.12000 0.05384 -0.22070 1.16682 1.13476 0.67700 0.01659 0.13915 0.83273
4.13000 0.05163 -0.22069 1.17858 1.21603 0.77319 0.01541 0.15945 0.94805
4.14000 0.04943 -0.22020 1.19114 1.29610 0.87434 0.01427 0.18267 1.07128
4.15000 0.04723 -0.21925 1.20449 1.37489 0.98004 0.01318 0.20909 1.20230
4.16000 0.04505 -0.21789 1.21863 1.45232 1.08986 0.01213 0.23900 1.34099
4.17000 0.04287 -0.21612 1.23353 1.52830 1.20338 0.01112 0.27269 1.48720
4.18000 0.04072 -0.21400 1.24919 1.60276 1.32015 0.01016 0.31048 1.64079
4.19000 0.03860 -0.21155 1.26558 1.67562 1.43968 0.00925 0.35268 1.80161
4.20000 0.03649 -0.20879 1.28270 1.74680 1.56152 0.00838 0.39959 1.96949
4.21000 0.03442 -0.20576 1.30051 1.81624 1.68517 0.00756 0.45155 2.14427
4.22000 0.03238 -0.20250 1.31902 1.88386 1.81014 0.00678 0.50886 2.32578
4.23000 0.03037 -0.19902 1.33819 1.94959 1.93592 0.00605 0.57185 2.51382
4.24000 0.02840 -0.19536 1.35800 2.01337 2.06202 0.00537 0.64083 2.70822
4.25000 0.02647 -0.19155 1.37845 2.07513 2.18794 0.00474 0.71611 2.90878
4.26000 0.02457 -0.18760 1.39950 2.13480 2.31316 0.00414 0.79799 3.11529
4.27000 0.02271 -0.18355 1.42114 2.19233 2.43719 0.00360 0.88677 3.32756
4.28000 0.02090 -0.17942 1.44334 2.24766 2.55953 0.00309 0.98274 3.54536
4.29000 0.01913 -0.17522 1.46608 2.30074 2.67969 0.00263 1.08616 3.76848
4.30000 0.01739 -0.17098 1.48934 2.35149 2.79719 0.00221 1.19729 3.99669
4.31000 0.01571 -0.16672 1.51310 2.39989 2.91156 0.00183 1.31637 4.22976
4.32000 0.01406 -0.16245 1.53733 2.44588 3.02234 0.00149 1.44364 4.46747
4.33000 0.01246 -0.15818 1.56201 2.48940 3.12908 0.00119 1.57929 4.70956
4.34000 0.01090 -0.15393 1.58711 2.53043 3.23137 0.00092 1.72351 4.95581
4.35000 0.00938 -0.14972 1.61261 2.56891 3.32878 0.00070 1.87647 5.20595
4.36000 0.00790 -0.14554 1.63848 2.60480 3.42094 0.00050 2.03830 5.45974
4.37000 0.00647 -0.14141 1.66470 2.63809 3.50746 0.00034 2.20913 5.71693
4.38000 0.00507 -0.13734 1.69124 2.66872 3.58800 0.00021 2.38904 5.97725
4.39000 0.00372 -0.13333 1.71807 2.69666 3.66224 0.00012 2.57809 6.24044
4.40000 0.00241 -0.12939 1.74516 2.72190 3.72987 0.00005 2.77632 6.50624
4.41000 0.00113 -0.12553 1.77249 2.74441 3.79064 0.00001 2.98374 6.77439
4.42000 -0.00010 -0.12175 1.80004 2.76416 3.84429 0.00000 3.20031 7.04461
4.43000 -0.00130 -0.11804 1.82777 2.78113 3.89061 0.00002 3.42600 7.31663
4.44000 -0.00247 -0.11442 1.85565 2.79531 3.92941 0.00006 3.66071 7.59017
4.45000 -0.00359 -0.11089 1.88366 2.80668 3.96054 0.00012 3.90432 7.86497
4.46000 -0.00468 -0.10744 1.91178 2.81523 3.98386 0.00021 4.15668 8.14075
4.47000 -0.00574 -0.10408 1.93996 2.82096 3.99929 0.00031 4.41762 8.41723
4.48000 -0.00677 -0.10081 1.96819 2.82386 4.00676 0.00044 4.68693 8.69413
4.49000 -0.00776 -0.09762 1.99643 2.82392 4.00625 0.00059 4.96434 8.97118
4.50000 -0.00872 -0.09452 2.02466 2.82115 3.99774 0.00075 5.24959 9.24809
4.51000 -0.00965 -0.09151 2.05284 2.81554 3.98128 0.00094 5.54237 9.52459
4.52000 -0.01055 -0.08858 2.08096 2.80711 3.95693 0.00114 5.84234 9.80041
4.53000 -0.01142 -0.08573 2.10897 2.79587 3.92479 0.00135 6.14912 10.07526
4.54000 -0.01226 -0.08297 2.13686 2.78182 3.88498 0.00158 6.46231 10.34887
4.55000 -0.01308 -0.08028 2.16460 2.76498 3.83766 0.00182 6.78148 10.62096
4.56000 -0.01387 -0.07768 2.19216 2.74537 3.78303 0.00207 7.10617 10.89126
4.57000 -0.01463 -0.07515 2.21950 2.72300 3.72129 0.00233 7.43589 11.15951
4.58000 -0.01537 -0.07270 2.24661 2.69791 3.65269 0.00260 7.77014 11.42543
4.59000 -0.01609 -0.07032 2.27345 2.67011 3.57751 0.00289 8.10836 11.68875
4.60000 -0.01678 -0.06800 2.30000 2.63963 3.49605 0.00318 8.44999 11.94922
4.61000 -0.01745 -0.06576 2.32623 2.60650 3.40863 0.00347 8.79446 12.20656
4.62000 -0.01809 -0.06359 2.35212 2.57076 3.31560 0.00378 9.14115 12.46053
4.63000 -0.01872 -0.06147 2.37764 2.53245 3.21733 0.00409 9.48944 12.71086
4.64000 -0.01932 -0.05942 2.40276 2.49159 3.11421 0.00440 9.83870 12.95731
4.65000 -0.01991 -0.05743 2.42746 2.44824 3.00666 0.00472 10.18825 13.19963
4.66000 -0.02047 -0.05549 2.45172 2.40244 2.89511 0.00504 10.53742 13.43757
4.67000 -0.02102 -0.05361 2.47550 2.35422 2.78000 0.00536 10.88555 13.67091
4.68000 -0.02155 -0.05179 2.49879 2.30365 2.66178 0.00569 11.23193 13.89940
4.69000 -0.02205 -0.05001 2.52157 2.25077 2.54094 0.00602 11.57585 14.12281
4.70000 -0.02255 -0.04829 2.54380 2.19564 2.41795 0.00634 11.91663 14.34092
4.71000 -0.02302 -0.04661 2.56547 2.13830 2.29331 0.00667 12.25354 14.55352
4.72000 -0.02348 -0.04497 2.58656 2.07882 2.16751 0.00699 12.58588 14.76039
4.73000 -0.02392 -0.04338 2.60704 2.01726 2.04106 0.00732 12.91294 14.96132
4.74000 -0.02435 -0.04183 2.62690 1.95367 1.91446 0.00764 13.23401 15.15611
4.75000 -0.02476 -0.04032 2.64611 1.88813 1.78821 0.00795 13.54840 15.34456
4.76000 -0.02515 -0.03884 2.66466 1.82070 1.66283 0.00827 13.85540 15.52650
4.77000 -0.02553 -0.03740 2.68252 1.75144 1.53881 0.00858 14.15434 15.70173
4.78000 -0.02590 -0.03600 2.69968 1.68043 1.41665 0.00888 14.44454 15.87007
4.79000 -0.02625 -0.03462 2.71612 1.60774 1.29683 0.00918 14.72536 16.03137
4.80000 -0.02659 -0.03328 2.73183 1.53343 1.17983 0.00948 14.99615 16.18546
4.81000 -0.02692 -0.03197 2.74678 1.45759 1.06613 0.00976 15.25628 16.33218
4.82000 -0.02723 -0.03068 2.76098 1.38028 0.95618 0.01004 15.50517 16.47139
4.83000 -0.02753 -0.02942 2.77439 1.30160 0.85041 0.01032 15.74222 16.60295
4.84000 -0.02782 -0.02818 2.78700 1.22161 0.74924 0.01058 15.96689 16.72672
4.85000 -0.02810 -0.02696 2.79881 1.14039 0.65309 0.01084 16.17865 16.84258
4.86000 -0.02836 -0.02577 2.80981 1.05803 0.56234 0.01108 16.37700 16.95043
4.87000 -0.02861 -0.02460 2.81997 0.97462 0.47734 0.01132 16.56147 17.05014
4.88000 -0.02885 -0.02344 2.82930 0.89022 0.39845 0.01155 16.73162 17.14161
4.89000 -0.02908 -0.02230 2.83777 0.80493 0.32596 0.01177 16.88704 17.22477
4.90000 -0.02930 -0.02117 2.84539 0.71884 0.26018 0.01198 17.02736 17.29952
4.91000 -0.02950 -0.02006 2.85215 0.63203 0.20137 0.01218 17.15224 17.36578
4.92000 -0.02970 -0.01897 2.85803 0.54458 0.14975 0.01236 17.26138 17.42350
4.93000 -0.02988 -0.01788 2.86304 0.45658 0.10554 0.01254 17.35452 17.47261
4.94000 -0.03006 -0.01681 2.86716 0.36813 0.06892 0.01270 17.43144 17.51306
4.95000 -0.03022 -0.01574 2.87040 0.27931 0.04003 0.01286 17.49194 17.54482
4.96000 -0.03037 -0.01468 2.87275 0.19021 0.01898 0.01300 17.53588 17.56786
4.97000 -0.03051 -0.01362 2.87420 0.10091 0.00586 0.01313 17.56315 17.58214
4.98000 -0.03064 -0.01258 2.87476 0.01151 0.00072 0.01324 17.57369 17.58765
4.99000 -0.03077 -0.01153 2.87443 -0.07790 0.00358 0.01334 17.56747 17.58439
5.00000 -0.03088 -0.01049 2.87321 -0.16723 0.01444 0.01343 17.54450 17.57237
5.01000 -0.03097 -0.00945 2.87109 -0.25639 0.03324 0.01351 17.50484 17.55159
5.02000 -0.03106 -0.00841 2.86808 -0.34530 0.05991 0.01357 17.44859 17.52207
5.03000 -0.03114 -0.00736 2.86418 -0.43387 0.09434 0.01362 17.37588 17.48385
5.04000 -0.03121 -0.00632 2.85940 -0.52200 0.13641 0.01366 17.28689 17.43696
5.05000 -0.03127 -0.00527 2.85374 -0.60962 0.18593 0.01369 17.18184 17.38145
5.06000 -0.03132 -0.00421 2.84721 -0.69662 0.24271 0.01370 17.06097 17.31738
5.07000 -0.03135 -0.00315 2.83981 -0.78292 0.30652 0.01369 16.92458 17.24480
5.08000 -0.03138 -0.00208 2.83156 -0.86845 0.37712 0.01367 16.77300 17.16379
5.09000 -0.03140 -0.00100 2.82245 -0.95310 0.45421 0.01364 16.60659 17.07444
5.10000 -0.03140 0.00009 2.81250 -1.03681 0.53748 0.01360 16.42574 16.97682
5.11000 -0.03139 0.00119 2.80172 -1.11947 0.62661 0.01354 16.23089 16.87105
5.12000 -0.03138 0.00231 2.79011 -1.20102 0.72124 0.01347 16.02251 16.75722
5.13000 -0.03135 0.00344 2.77770 -1.28136 0.82099 0.01339 15.80107 16.63545
5.14000 -0.03131 0.00458 2.76449 -1.36043 0.92546 0.01329 15.56711 16.50586
5.15000 -0.03126 0.00575 2.75050 -1.43813 1.03423 0.01318 15.32117 16.36858
5.16000 -0.03119 0.00693 2.73573 -1.51439 1.14688 0.01305 15.06382 16.22375
5.17000 -0.03112 0.00814 2.72021 -1.58914 1.26293 0.01292 14.79565 16.07150
5.18000 -0.03103 0.00937 2.70395 -1.66230 1.38195 0.01277 14.51729 15.91201
5.19000 -0.03093 0.01062 2.68697 -1.73380 1.50344 0.01261 14.22937 15.74541
5.20000 -0.03082 0.01190 2.66928 -1.80356 1.62692 0.01243 13.93254 15.57189
5.21000 -0.03069 0.01321 2.65091 -1.87152 1.75191 0.01225 13.62746 15.39161
5.22000 -0.03055 0.01455 2.63186 -1.93760 1.87789 0.01205 13.31482 15.20476
5.23000 -0.03040 0.01592 2.61216 -2.00175 2.00437 0.01184 12.99531 15.01152
5.24000 -0.03023 0.01732 2.59183 -2.06389 2.13083 0.01162 12.66963 14.81208
5.25000 -0.03005 0.01876 2.57089 -2.12397 2.25679 0.01139 12.33848 14.60665
5.26000 -0.02986 0.02023 2.54936 -2.18192 2.38172 0.01115 12.00256 14.39543
5.27000 -0.02965 0.02175 2.52726 -2.23769 2.50514 0.01090 11.66260 14.17863
5.28000 -0.02942 0.02330 2.50461 -2.29122 2.62654 0.01064 11.31929 13.95647
5.29000 -0.02918 0.02490 2.48144 -2.34245 2.74545 0.01036 10.97335 13.72917
5.30000 -0.02893 0.02655 2.45777 -2.39134 2.86139 0.01009 10.62548 13.49696
5.31000 -0.02865 0.02825 2.43362 -2.43784 2.97389 0.00980 10.27638 13.26007
5.32000 -0.02836 0.02999 2.40902 -2.48189 3.08251 0.00950 9.92672 13.01873
5.33000 -0.02805 0.03179 2.38399 -2.52346 3.18681 0.00920 9.57719 12.77320
5.34000 -0.02772 0.03365 2.35856 -2.56251 3.28637 0.00889 9.22845 12.52371
5.35000 -0.02738 0.03556 2.33275 -2.59898 3.38080 0.00858 8.88114 12.27052
5.36000 -0.02701 0.03754 2.30659 -2.63286 3.46972 0.00826 8.53590 12.01388
5.37000 -0.02663 0.03958 2.28010 -2.66410 3.55278 0.00793 8.19333 11.75404
5.38000 -0.02622 0.04168 2.25332 -2.69267 3.62964 0.00760 7.85403 11.49127
5.39000 -0.02579 0.04385 2.22626 -2.71854 3.70000 0.00726 7.51856 11.22583
5.40000 -0.02534 0.04609 2.19896 -2.74169 3.76358 0.00693 7.18748 10.95798
5.41000 -0.02487 0.04841 2.17143 -2.76210 3.82011 0.00659 6.86130 10.68799
5.42000 -0.02438 0.05081 2.14372 -2.77973 3.86938 0.00625 6.54051 10.41615
5.43000 -0.02385 0.05328 2.11585 -2.79458 3.91120 0.00591 6.22560 10.14270
5.44000 -0.02331 0.05583 2.08784 -2.80663 3.94539 0.00556 5.91699 9.86794
5.45000 -0.02274 0.05847 2.05973 -2.81587 3.97181 0.00522 5.61510 9.59213
5.46000 -0.02214 0.06120 2.03153 -2.82228 3.99037 0.00488 5.32030 9.31556
5.47000 -0.02151 0.06401 2.00329 -2.82587 4.00099 0.00455 5.03295 9.03849
5.48000 -0.02086 0.06692 1.97502 -2.82662 4.00363 0.00421 4.75337 8.76122
5.49000 -0.02017 0.06992 1.94677 -2.82454 3.99828 0.00389 4.48184 8.48400
5.50000 -0.01946 0.07301 1.91854 -2.81963 3.98496 0.00356 4.21861 8.20713
5.51000 -0.01871 0.07620 1.89038 -2.81188 3.96372 0.00325 3.96391 7.93088
5.52000 -0.01794 0.07948 1.86232 -2.80132 3.93466 0.00294 3.71794 7.65553
5.53000 -0.01712 0.08287 1.83437 -2.78795 3.89788 0.00264 3.48084 7.38136
5.54000 -0.01628 0.08635 1.80657 -2.77178 3.85354 0.00235 3.25274 7.10863
5.55000 -0.01540 0.08994 1.77894 -2.75282 3.80182 0.00207 3.03374 6.83763
5.56000 -0.01448 0.09362 1.75152 -2.73111 3.74292 0.00180 2.82390 6.56862
5.57000 -0.01352 0.09740 1.72433 -2.70665 3.67707 0.00155 2.62325 6.30187
5.58000 -0.01253 0.10127 1.69739 -2.67947 3.60456 0.00131 2.43180 6.03766
5.59000 -0.01150 0.10524 1.67075 -2.64960 3.52566 0.00108 2.24951 5.77625
5.60000 -0.01043 0.10930 1.64441 -2.61707 3.44069 0.00088 2.07633 5.51790
5.61000 -0.00931 0.11344 1.61841 -2.58191 3.35000 0.00069 1.91218 5.26286
5.62000 -0.00816 0.11766 1.59278 -2.54416 3.25394 0.00052 1.75695 5.01141
5.63000 -0.00696 0.12196 1.56754 -2.50385 3.15291 0.00037 1.61051 4.76378
5.64000 -0.00572 0.12632 1.54271 -2.46102 3.04730 0.00025 1.47269 4.52024
5.65000 -0.00443 0.13074 1.51833 -2.41572 2.93755 0.00015 1.34332 4.28101
5.66000 -0.00310 0.13521 1.49441 -2.36798 2.82409 0.00007 1.22219 4.04635
5.67000 -0.00173 0.13972 1.47098 -2.31787 2.70738 0.00002 1.10909 3.81649
5.68000 -0.00031 0.14425 1.44806 -2.26542 2.58789 0.00000 1.00378 3.59166
5.69000 0.00116 0.14878 1.42567 -2.21070 2.46609 0.00001 0.90599 3.37209
5.70000 0.00267 0.15331 1.40385 -2.15375 2.34247 0.00005 0.81548 3.15800
5.71000 0.00422 0.15781 1.38261 -2.09463 2.21753 0.00012 0.73194 2.94960
5.72000 0.00582 0.16227 1.36197 -2.03340 2.09178 0.00023 0.65509 2.74710
5.73000 0.00747 0.16665 1.34195 -1.97013 1.96571 0.00037 0.58463 2.55071
5.74000 0.00916 0.17095 1.32257 -1.90487 1.83983 0.00054 0.52025 2.36062
5.75000 0.01089 0.17514 1.30385 -1.83770 1.71464 0.00076 0.46164 2.17704
5.76000 0.01266 0.17918 1.28582 -1.76868 1.59065 0.00101 0.40847 2.00013
5.77000 0.01447 0.18305 1.26849 -1.69788 1.46835 0.00130 0.36043 1.83008
5.78000 0.01632 0.18673 1.25187 -1.62537 1.34823 0.00164 0.31719 1.66706
5.79000 0.01820 0.19018 1.23599 -1.55123 1.23078 0.00201 0.27845 1.51124
5.80000 0.02012 0.19338 1.22085 -1.47553 1.11646 0.00242 0.24387 1.36276
5.81000 0.02207 0.19629 1.20648 -1.39835 1.00573 0.00288 0.21317 1.22179
5.82000 0.02405 0.19888 1.19289 -1.31977 0.89904 0.00338 0.18603 1.08845
5.83000 0.02605 0.20113 1.18009 -1.23987 0.79680 0.00393 0.16216 0.96289
5.84000 0.02807 0.20299 1.16809 -1.15873 0.69944 0.00451 0.14128 0.84523
5.85000 0.03011 0.20446 1.15692 -1.07643 0.60733 0.00514 0.12312 0.73559
5.86000 0.03216 0.20549 1.14657 -0.99306 0.52084 0.00581 0.10741 0.63407
5.87000 0.03421 0.20607 1.13706 -0.90871 0.44032 0.00653 0.09393 0.54078
5.88000 0.03628 0.20617 1.12840 -0.82345 0.36610 0.00728 0.08243 0.45581
5.89000 0.03834 0.20577 1.12059 -0.73738 0.29845 0.00808 0.07271 0.37924
5.90000 0.04039 0.20487 1.11365 -0.65059 0.23766 0.00891 0.06459 0.31116
5.91000 0.04243 0.20345 1.10758 -0.56317 0.18397 0.00978 0.05787 0.25162
5.92000 0.04446 0.20149 1.10239 -0.47520 0.13758 0.01068 0.05242 0.20068
5.93000 0.04646 0.19901 1.09808 -0.38678 0.09868 0.01162 0.04810 0.15840
5.94000 0.04843 0.19600 1.09466 -0.29799 0.06742 0.01259 0.04480 0.12481
5.95000 0.05038 0.19247 1.09212 -0.20893 0.04392 0.01359 0.04243 0.09994
5.96000 0.05228 0.18843 1.09048 -0.11968 0.02827 0.01462 0.04093 0.08382
5.97000 0.05414 0.18390 1.08973 -0.03035 0.02054 0.01567 0.04026 0.07646
5.98000 0.05596 0.17890 1.08987 0.05899 0.02075 0.01674 0.04039 0.07787
5.99000 0.05772 0.17345 1.09091 0.14824 0.02889 0.01782 0.04132 0.08803
6.00000 0.05943 0.16759 1.09284 0.23731 0.04493 0.01892 0.04309 0.10695
6.01000 0.06107 0.16135 1.09565 0.32611 0.06880 0.02004 0.04575 0.13459
6.02000 0.06265 0.15475 1.09936 0.41455 0.10040 0.02116 0.04936 0.17092
6.03000 0.06417 0.14785 1.10394 0.50255 0.13960 0.02229 0.05402 0.21591
6.04000 0.06561 0.14068 1.10941 0.59001 0.18624 0.02342 0.05985 0.26950
6.05000 0.06698 0.13328 1.11574 0.67686 0.24012 0.02454 0.06698 0.33165
6.06000 0.06827 0.12569 1.12294 0.76299 0.30104 0.02566 0.07557 0.40228
6.07000 0.06949 0.11796 1.13100 0.84834 0.36874 0.02678 0.08580 0.48132
6.08000 0.07063 0.11012 1.13991 0.93281 0.44294 0.02788 0.09787 0.56869
6.09000 0.07169 0.10222 1.14965 1.01632 0.52335 0.02897 0.11198 0.66430
6.10000 0.07268 0.09429 1.16023 1.09879 0.60965 0.03005 0.12837 0.76806
6.11000 0.07358 0.08638 1.17162 1.18013 0.70148 0.03110 0.14727 0.87985
6.12000 0.07440 0.07851 1.18383 1.26028 0.79847 0.03213 0.16896 0.99956
6.13000 0.07515 0.07073 1.19683 1.33914 0.90024 0.03314 0.19370 1.12707
6.14000 0.07582 0.06305 1.21061 1.41665 1.00637 0.03412 0.22177 1.26226
6.15000 0.07641 0.05551 1.22515 1.49273 1.11643 0.03507 0.25347 1.40498
6.16000 0.07693 0.04813 1.24045 1.56730 1.23000 0.03599 0.28909 1.55508
6.17000 0.07738 0.04093 1.25649 1.64029 1.34660 0.03688 0.32895 1.71243
6.18000 0.07775 0.03392 1.27326 1.71163 1.46578 0.03773 0.37334 1.87685
6.19000 0.07805 0.02714 1.29072 1.78126 1.58705 0.03855 0.42259 2.04819
6.20000 0.07829 0.02058 1.30887 1.84909 1.70993 0.03933 0.47702 2.22628
6.21000 0.07847 0.01425 1.32770 1.91507 1.83392 0.04008 0.53693 2.41093
6.22000 0.07858 0.00817 1.34717 1.97913 1.95854 0.04078 0.60263 2.60195
6.23000 0.07863 0.00234 1.36727 2.04121 2.08328 0.04144 0.67445 2.79917
6.24000 0.07863 -0.00324 1.38799 2.10125 2.20764 0.04207 0.75267 3.00237
6.25000 0.07857 -0.00856 1.40929 2.15919 2.33112 0.04265 0.83759 3.21136
6.26000 0.07846 -0.01364 1.43116 2.21497 2.45324 0.04319 0.92951 3.42593
6.27000 0.07830 -0.01847 1.45358 2.26854 2.57350 0.04368 1.02869 3.64587
6.28000 0.07809 -0.02305 1.47653 2.31985 2.69142 0.04414 1.13539 3.87095
6.29000 0.07783 -0.02738 1.49997 2.36884 2.80654 0.04455 1.24986 4.10094
6.30000 0.07754 -0.03149 1.52390 2.41546 2.91838 0.04492 1.37233 4.33563
6.31000 0.07721 -0.03536 1.54827 2.45968 3.02652 0.04525 1.50302 4.57478
6.32000 0.07683 -0.03902 1.57308 2.50145 3.13051 0.04553 1.64211 4.81814
6.33000 0.07643 -0.04246 1.59829 2.54072 3.22994 0.04577 1.78978 5.06548
6.34000 0.07599 -0.04569 1.62389 2.57746 3.32441 0.04597 1.94617 5.31655
6.35000 0.07551 -0.04873 1.64983 2.61163 3.41355 0.04612 2.11142 5.57110
6.36000 0.07501 -0.05158 1.67611 2.64320 3.49700 0.04624 2.28563 5.82887
6.37000 0.07448 -0.05425 1.70269 2.67214 3.57443 0.04631 2.46886 6.08961
6.38000 0.07393 -0.05675 1.72954 2.69841 3.64554 0.04634 2.66118 6.35306
6.39000 0.07335 -0.05909 1.75665 2.72200 3.71003 0.04633 2.86259 6.61895
6.40000 0.07275 -0.06128 1.78398 2.74287 3.76765 0.04629 3.07309 6.88702
6.41000 0.07212 -0.06332 1.81150 2.76101 3.81817 0.04620 3.29264 7.15701
6.42000 0.07148 -0.06523 1.83919 2.77640 3.86140 0.04607 3.52117 7.42864
6.43000 0.07082 -0.06700 1.86702 2.78903 3.89716 0.04591 3.75859 7.70165
6.44000 0.07014 -0.06866 1.89496 2.79887 3.92530 0.04571 4.00475 7.97576
6.45000 0.06945 -0.07021 1.92298 2.80593 3.94573 0.04547 4.25950 8.25070
6.46000 0.06874 -0.07165 1.95107 2.81019 3.95835 0.04520 4.52264 8.52619
6.47000 0.06801 -0.07299 1.97918 2.81165 3.96312 0.04489 4.79395 8.80196
6.48000 0.06728 -0.07424 2.00729 2.81031 3.96002 0.04455 5.07317 9.07774
6.49000 0.06653 -0.07540 2.03538 2.80617 3.94907 0.04417 5.36001 9.35326
6.50000 0.06577 -0.07649 2.06340 2.79923 3.93031 0.04376 5.65415 9.62822
6.51000 0.06500 -0.07750 2.09135 2.78951 3.90382 0.04332 5.95523 9.90237
6.52000 0.06422 -0.07845 2.11919 2.77700 3.86970 0.04285 6.26288 10.17543
6.53000 0.06343 -0.07933 2.14688 2.76173 3.82809 0.04235 6.57669 10.44713
6.54000 0.06263 -0.08016 2.17441 2.74371 3.77916 0.04183 6.89621 10.71720
6.55000 0.06183 -0.08094 2.20175 2.72295 3.72311 0.04127 7.22098 10.98536
6.56000 0.06101 -0.08167 2.22886 2.69948 3.66016 0.04069 7.55050 11.25135
6.57000 0.06019 -0.08235 2.25573 2.67332 3.59057 0.04008 7.88426 11.51491
6.58000 0.05937 -0.08300 2.28232 2.64449 3.51462 0.03944 8.22171 11.77577
6.59000 0.05853 -0.08361 2.30861 2.61303 3.43260 0.03879 8.56228 12.03367
6.60000 0.05770 -0.08418 2.33457 2.57897 3.34486 0.03811 8.90540 12.28836
6.61000 0.05685 -0.08473 2.36018 2.54234 3.25174 0.03741 9.25044 12.53958
6.62000 0.05600 -0.08526 2.38541 2.50317 3.15361 0.03668 9.59679 12.78708
6.63000 0.05515 -0.08576 2.41023 2.46151 3.05087 0.03594 9.94381 13.03062
6.64000 0.05429 -0.08624 2.43463 2.41739 2.94394 0.03518 10.29083 13.26995
6.65000 0.05342 -0.08671 2.45857 2.37087 2.83323 0.03441 10.63720 13.50484
6.66000 0.05255 -0.08716 2.48204 2.32198 2.71920 0.03361 10.98222 13.73504
6.67000 0.05168 -0.08760 2.50501 2.27078 2.60231 0.03281 11.32522 13.96033
6.68000 0.05080 -0.08803 2.52745 2.21732 2.48301 0.03198 11.66550 14.18049
6.69000 0.04992 -0.08845 2.54935 2.16165 2.36179 0.03115 12.00236 14.39530
6.70000 0.04903 -0.08887 2.57067 2.10383 2.23914 0.03031 12.33509 14.60454
6.71000 0.04814 -0.08928 2.59142 2.04391 2.11554 0.02945 12.66301 14.80800
6.72000 0.04724 -0.08970 2.61155 1.98195 1.99150 0.02859 12.98540 15.00549
6.73000 0.04635 -0.09011 2.63105 1.91802 1.86750 0.02771 13.30158 15.19680
6.74000 0.04544 -0.09052 2.64990 1.85218 1.74405 0.02684 13.61085 15.38174
6.75000 0.04454 -0.09094 2.66808 1.78449 1.62165 0.02595 13.91254 15.56013
6.76000 0.04362 -0.09137 2.68558 1.71503 1.50077 0.02506 14.20597 15.73180
6.77000 0.04271 -0.09179 2.70238 1.64386 1.38191 0.02417 14.49048 15.89657
6.78000 0.04179 -0.09223 2.71846 1.57106 1.26554 0.02328 14.76545 16.05427
6.79000 0.04086 -0.09268 2.73380 1.49669 1.15213 0.02239 15.03024 16.20476
6.80000 0.03993 -0.09313 2.74838 1.42083 1.04214 0.02150 15.28424 16.34787
6.81000 0.03900 -0.09360 2.76221 1.34356 0.93599 0.02061 15.52688 16.48348
6.82000 0.03806 -0.09408 2.77525 1.26495 0.83413 0.01972 15.75758 16.61143
6.83000 0.03712 -0.09458 2.78750 1.18508 0.73696 0.01884 15.97582 16.73162
6.84000 0.03617 -0.09509 2.79895 1.10404 0.64487 0.01796 16.18108 16.84391
6.85000 0.03522 -0.09561 2.80958 1.02190 0.55822 0.01709 16.37289 16.94819
6.86000 0.03426 -0.09616 2.81938 0.93874 0.47736 0.01623 16.55078 17.04437
6.87000 0.03329 -0.09672 2.82835 0.85465 0.40263 0.01538 16.71434 17.13235
6.88000 0.03232 -0.09730 2.83647 0.76972 0.33432 0.01454 16.86318 17.21203
6.89000 0.03135 -0.09790 2.84374 0.68402 0.27269 0.01371 16.99694 17.28334
6.90000 0.03037 -0.09852 2.85015 0.59765 0.21801 0.01289 17.11531 17.34621
6.91000 0.02938 -0.09916 2.85569 0.51068 0.17049 0.01209 17.21800 17.40058
6.92000 0.02838 -0.09983 2.86036 0.42321 0.13032 0.01130 17.30477 17.44639
6.93000 0.02738 -0.10052 2.86416 0.33533 0.09766 0.01053 17.37540 17.48360
6.94000 0.02637 -0.10123 2.86707 0.24712 0.07265 0.00978 17.42974 17.51217
6.95000 0.02536 -0.10197 2.86910 0.15867 0.05539 0.00905 17.46764 17.53208
6.96000 0.02433 -0.10274 2.87024 0.07006 0.04593 0.00834 17.48903 17.54330
6.97000 0.02330 -0.10354 2.87050 -0.01861 0.04434 0.00764 17.49384 17.54582
6.98000 0.02226 -0.10436 2.86987 -0.10725 0.05060 0.00698 17.48207 17.53965
6.99000 0.02121 -0.10521 2.86835 -0.19577 0.06470 0.00633 17.45375 17.52478
7.00000 0.02016 -0.10610 2.86596 -0.28410 0.08659 0.00571 17.40895 17.50124
7.01000 0.01909 -0.10701 2.86267 -0.37213 0.11616 0.00512 17.34777 17.46905
7.02000 0.01802 -0.10796 2.85851 -0.45978 0.15332 0.00455 17.27037 17.42824
7.03000 0.01693 -0.10895 2.85348 -0.54697 0.19791 0.00401 17.17694 17.37886
7.04000 0.01584 -0.10996 2.84758 -0.63360 0.24975 0.00350 17.06769 17.32095
7.05000 0.01473 -0.11102 2.84081 -0.71959 0.30864 0.00302 16.94291 17.25457
7.06000 0.01362 -0.11211 2.83319 -0.80485 0.37434 0.00258 16.80287 17.17979
7.07000 0.01249 -0.11323 2.82472 -0.88931 0.44659 0.00216 16.64793 17.09668
7.08000 0.01135 -0.11440 2.81540 -0.97286 0.52510 0.00178 16.47846 17.00533
7.09000 0.01020 -0.11561 2.80526 -1.05544 0.60956 0.00143 16.29485 16.90584
7.10000 0.00904 -0.11685 2.79430 -1.13695 0.69963 0.00112 16.09754 16.79829
7.11000 0.00787 -0.11814 2.78253 -1.21731 0.79496 0.00084 15.88700 16.68281
7.12000 0.00668 -0.11948 2.76996 -1.29645 0.89516 0.00061 15.66373 16.55950
7.13000 0.00548 -0.12085 2.75660 -1.37429 0.99983 0.00041 15.42825 16.42848
7.14000 0.00426 -0.12228 2.74248 -1.45075 1.10856 0.00024 15.18110 16.28990
7.15000 0.00303 -0.12375 2.72759 -1.52574 1.22091 0.00012 14.92286 16.14390
7.16000 0.00179 -0.12526 2.71197 -1.59921 1.33643 0.00004 14.65413 15.99060
7.17000 0.00052 -0.12683 2.69561 -1.67106 1.45466 0.00000 14.37552 15.83018
7.18000 -0.00075 -0.12845 2.67855 -1.74124 1.57514 0.00001 14.08765 15.66280
7.19000 -0.00204 -0.13011 2.66079 -1.80966 1.69737 0.00005 13.79118 15.48861
7.20000 -0.00335 -0.13184 2.64236 -1.87627 1.82088 0.00015 13.48678 15.30780
7.21000 -0.00468 -0.13361 2.62327 -1.94100 1.94516 0.00028 13.17511 15.12055
7.22000 -0.00603 -0.13544 2.60355 -2.00377 2.06972 0.00046 12.85685 14.92704
7.23000 -0.00739 -0.13733 2.58321 -2.06454 2.19407 0.00069 12.53271 14.72747
7.24000 -0.00877 -0.13927 2.56227 -2.12322 2.31771 0.00097 12.20337 14.52205
7.25000 -0.01018 -0.14127 2.54075 -2.17978 2.44014 0.00129 11.86953 14.31097
7.26000 -0.01160 -0.14333 2.51868 -2.23415 2.56088 0.00166 11.53190 14.09444
7.27000 -0.01304 -0.14545 2.49607 -2.28628 2.67944 0.00208 11.19117 13.87270
7.28000 -0.01451 -0.14764 2.47296 -2.33611 2.79535 0.00255 10.84804 13.64595
7.29000 -0.01600 -0.14988 2.44936 -2.38360 2.90815 0.00307 10.50320 13.41443
7.30000 -0.01751 -0.15219 2.42530 -2.42869 3.01739 0.00365 10.15733 13.17837
7.31000 -0.01904 -0.15456 2.40079 -2.47135 3.12263 0.00427 9.81111 12.93800
7.32000 -0.02060 -0.15700 2.37588 -2.51152 3.22344 0.00494 9.46518 12.69357
7.33000 -0.02218 -0.15950 2.35057 -2.54918 3.31944 0.00567 9.12021 12.44532
7.34000 -0.02379 -0.16207 2.32490 -2.58428 3.41023 0.00645 8.77682 12.19350
7.35000 -0.02542 -0.16470 2.29889 -2.61678 3.49546 0.00729 8.43563 11.93837
7.36000 -0.02708 -0.16740 2.27257 -2.64666 3.57477 0.00817 8.09723 11.68018
7.37000 -0.02877 -0.17016 2.24597 -2.67389 3.64786 0.00912 7.76220 11.41918
7.38000 -0.03049 -0.17299 2.21911 -2.69843 3.71444 0.01011 7.43109 11.15565
7.39000 -0.03223 -0.17588 2.19201 -2.72026 3.77423 0.01117 7.10444 10.88984
7.40000 -0.03400 -0.17883 2.16471 -2.73937 3.82701 0.01228 6.78274 10.62202
7.41000 -0.03581 -0.18185 2.13723 -2.75573 3.87255 0.01344 6.46648 10.35247
7.42000 -0.03764 -0.18492 2.10960 -2.76932 3.91067 0.01466 6.15611 10.08144
7.43000 -0.03950 -0.18806 2.08185 -2.78014 3.94123 0.01593 5.85205 9.80921
7.44000 -0.04140 -0.19125 2.05401 -2.78817 3.96411 0.01727 5.55469 9.53607
7.45000 -0.04333 -0.19449 2.02610 -2.79341 3.97920 0.01866 5.26441 9.26227
7.46000 -0.04529 -0.19778 1.99815 -2.79584 3.98645 0.02010 4.98154 8.98809
7.47000 -0.04729 -0.20111 1.97019 -2.79548 3.98584 0.02160 4.70637 8.71381
7.48000 -0.04931 -0.20448 1.94225 -2.79231 3.97736 0.02316 4.43919 8.43971
7.49000 -0.05138 -0.20789 1.91436 -2.78634 3.96104 0.02478 4.18024 8.16605
7.50000 -0.05347 -0.21132 1.88653 -2.77759 3.93696 0.02645 3.92971 7.89312
7.51000 -0.05560 -0.21477 1.85881 -2.76605 3.90520 0.02818 3.68780 7.62118
7.52000 -0.05777 -0.21823 1.83122 -2.75174 3.86589 0.02997 3.45465 7.35051
7.53000 -0.05997 -0.22170 1.80379 -2.73468 3.81920 0.03181 3.23038 7.08138
7.54000 -0.06220 -0.22516 1.77654 -2.71489 3.76530 0.03370 3.01506 6.81406
7.55000 -0.06447 -0.22859 1.74950 -2.69237 3.70441 0.03565 2.80875 6.54881
7.56000 -0.06677 -0.23200 1.72270 -2.66717 3.63677 0.03766 2.61147 6.28590
7.57000 -0.06911 -0.23536 1.69616 -2.63931 3.56265 0.03972 2.42323 6.02560
7.58000 -0.07148 -0.23865 1.66992 -2.60881 3.48235 0.04183 2.24398 5.76816
7.59000 -0.07388 -0.24187 1.64400 -2.57570 3.39618 0.04400 2.07366 5.51384
7.60000 -0.07632 -0.24500 1.61842 -2.54003 3.30448 0.04621 1.91220 5.26289
7.61000 -0.07878 -0.24800 1.59321 -2.50183 3.20763 0.04848 1.75946 5.01556
7.62000 -0.08128 -0.25088 1.56839 -2.46113 3.10599 0.05079 1.61533 4.77211
7.63000 -0.08380 -0.25359 1.54399 -2.41799 2.99999 0.05315 1.47963 4.53277
7.64000 -0.08635 -0.25612 1.52004 -2.37245 2.89004 0.05555 1.35219 4.29778
7.65000 -0.08892 -0.25844 1.49655 -2.32455 2.77656 0.05800 1.23281 4.06737
7.66000 -0.09152 -0.26052 1.47355 -2.27435 2.66002 0.06049 1.12126 3.84178
7.67000 -0.09413 -0.26234 1.45107 -2.22190 2.54088 0.06302 1.01732 3.62122
7.68000 -0.09676 -0.26387 1.42912 -2.16726 2.41960 0.06558 0.92073 3.40591
7.69000 -0.09941 -0.26508 1.40773 -2.11047 2.29667 0.06818 0.83123 3.19607
7.70000 -0.10206 -0.26592 1.38692 -2.05161 2.17257 0.07080 0.74854 2.99191
7.71000 -0.10472 -0.26639 1.36671 -1.99074 2.04779 0.07345 0.67237 2.79361
7.72000 -0.10739 -0.26643 1.34711 -1.92791 1.92283 0.07613 0.60243 2.60139
7.73000 -0.11005 -0.26602 1.32815 -1.86320 1.79817 0.07882 0.53843 2.41542
7.74000 -0.11271 -0.26512 1.30985 -1.79667 1.67431 0.08153 0.48005 2.23589
7.75000 -0.11535 -0.26371 1.29223 -1.72840 1.55174 0.08424 0.42698 2.06297
7.76000 -0.11798 -0.26174 1.27529 -1.65845 1.43094 0.08697 0.37893 1.89683
7.77000 -0.12058 -0.25920 1.25906 -1.58690 1.31237 0.08969 0.33557 1.73763
7.78000 -0.12316 -0.25606 1.24356 -1.51382 1.19652 0.09241 0.29660 1.58553
7.79000 -0.12570 -0.25228 1.22879 -1.43929 1.08383 0.09511 0.26173 1.44067
7.80000 -0.12820 -0.24785 1.21478 -1.36339 0.97474 0.09780 0.23065 1.30319
7.81000 -0.13066 -0.24275 1.20153 -1.28619 0.86968 0.10047 0.20307 1.17322
7.82000 -0.13306 -0.23697 1.18906 -1.20778 0.76906 0.10310 0.17871 1.05088
7.83000 -0.13540 -0.23049 1.17738 -1.12823 0.67327 0.10571 0.15731 0.93629
7.84000 -0.13766 -0.22331 1.16650 -1.04762 0.58268 0.10826 0.13861 0.82955
7.85000 -0.13986 -0.21543 1.15643 -0.96605 0.49766 0.11077 0.12235 0.73077
7.86000 -0.14197 -0.20686 1.14718 -0.88358 0.41851 0.11322 0.10831 0.64004
7.87000 -0.14399 -0.19761 1.13876 -0.80030 0.34556 0.11561 0.09627 0.55744
7.88000 -0.14592 -0.18770 1.13118 -0.71630 0.27908 0.11793 0.08603 0.48305
7.89000 -0.14775 -0.17715 1.12443 -0.63165 0.21933 0.12017 0.07742 0.41693
7.90000 -0.14946 -0.16600 1.11854 -0.54644 0.16654 0.12233 0.07026 0.35914
7.91000 -0.15106 -0.15429 1.11351 -0.46076 0.12091 0.12440 0.06442 0.30973
7.92000 -0.15255 -0.14206 1.10933 -0.37468 0.08261 0.12637 0.05977 0.26875
7.93000 -0.15390 -0.12935 1.10601 -0.28828 0.05179 0.12824 0.05620 0.23623
7.94000 -0.15513 -0.11623 1.10357 -0.20166 0.02856 0.13001 0.05363 0.21220
7.95000 -0.15623 -0.10275 1.10198 -0.11488 0.01301 0.13166 0.05200 0.19667
7.96000 -0.15719 -0.08898 1.10127 -0.02804 0.00519 0.13319 0.05128 0.18966
7.97000 -0.15801 -0.07498 1.10142 0.05879 0.00514 0.13460 0.05143 0.19117
7.98000 -0.15868 -0.06081 1.10244 0.14553 0.01284 0.13588 0.05247 0.20119
7.99000 -0.15922 -0.04656 1.10433 0.23209 0.02826 0.13703 0.05443 0.21971
8.00000 -0.15962 -0.03228 1.10708 0.31840 0.05133 0.13805 0.05734 0.24672
8.01000 -0.15987 -0.01804 1.11070 0.40438 0.08196 0.13894 0.06127 0.28217
8.02000 -0.15998 -0.00392 1.11517 0.48994 0.12003 0.13969 0.06632 0.32604
8.03000 -0.15995 0.01003 1.12050 0.57502 0.16538 0.14030 0.07260 0.37828
8.04000 -0.15978 0.02375 1.12667 0.65952 0.21784 0.14078 0.08023 0.43884
8.05000 -0.15947 0.03717 1.13368 0.74337 0.27719 0.14112 0.08936 0.50766
8.06000 -0.15904 0.05024 1.14153 0.82650 0.34319 0.14132 0.10016 0.58467
8.07000 -0.15847 0.06291 1.15021 0.90882 0.41559 0.14138 0.11282 0.66979
8.08000 -0.15778 0.07515 1.15971 0.99026 0.49411 0.14131 0.12753 0.76295
8.09000 -0.15697 0.08692 1.17001 1.07075 0.57842 0.14111 0.14452 0.86405
8.10000 -0.15604 0.09818 1.18112 1.15020 0.66820 0.14078 0.16402 0.97300
8.11000 -0.15501 0.10890 1.19301 1.22854 0.76310 0.14032 0.18627 1.08968
8.12000 -0.15387 0.11907 1.20569 1.30570 0.86273 0.13973 0.21153 1.21400
8.13000 -0.15263 0.12868 1.21912 1.38160 0.96672 0.13903 0.24008 1.34582
8.14000 -0.15129 0.13771 1.23331 1.45617 1.07464 0.13821 0.27218 1.48502
8.15000 -0.14987 0.14615 1.24824 1.52934 1.18608 0.13727 0.30812 1.63148
8.16000 -0.14837 0.15401 1.26390 1.60104 1.30060 0.13623 0.34820 1.78503
8.17000 -0.14680 0.16130 1.28026 1.67118 1.41775 0.13508 0.39272 1.94555
8.18000 -0.14515 0.16801 1.29731 1.73972 1.53706 0.13383 0.44198 2.11287
8.19000 -0.14344 0.17416 1.31505 1.80657 1.65807 0.13248 0.49627 2.28683
8.20000 -0.14167 0.17977 1.33344 1.87167 1.78030 0.13105 0.55591 2.46726
8.21000 -0.13984 0.18485 1.35247 1.93496 1.90328 0.12952 0.62119 2.65399
8.22000 -0.13797 0.18942 1.37213 1.99636 2.02651 0.12792 0.69241 2.84683
8.23000 -0.13606 0.19350 1.39239 2.05583 2.14951 0.12623 0.76987 3.04561
8.24000 -0.13410 0.19711 1.41324 2.11329 2.27180 0.12448 0.85384 3.25012
8.25000 -0.13212 0.20028 1.43465 2.16870 2.39290 0.12265 0.94462 3.46017
8.26000 -0.13010 0.20303 1.45661 2.22198 2.51234 0.12076 1.04246 3.67555
8.27000 -0.12806 0.20537 1.47909 2.27310 2.62963 0.11881 1.14762 3.89605
8.28000 -0.12599 0.20735 1.50206 2.32199 2.74432 0.11680 1.26034 4.12146
8.29000 -0.12391 0.20897 1.52552 2.36861 2.85597 0.11474 1.38085 4.35155
8.30000 -0.12181 0.21027 1.54943 2.41290 2.96412 0.11263 1.50935 4.58611
8.31000 -0.11971 0.21127 1.57377 2.45482 3.06835 0.11048 1.64605 4.82489
8.32000 -0.11759 0.21199 1.59852 2.49433 3.16826 0.10829 1.79111 5.06766
8.33000 -0.11547 0.21245 1.62365 2.53139 3.26346 0.10606 1.94468 5.31420
8.34000 -0.11334 0.21267 1.64914 2.56595 3.35355 0.10380 2.10688 5.56424
8.35000 -0.11121 0.21267 1.67496 2.59798 3.43820 0.10151 2.27784 5.81755
8.36000 -0.10909 0.21248 1.70109 2.62745 3.51707 0.09920 2.45761 6.07388
8.37000 -0.10697 0.21211 1.72750 2.65433 3.58985 0.09686 2.64626 6.33297
8.38000 -0.10485 0.21157 1.75416 2.67858 3.65626 0.09450 2.84382 6.59457
8.39000 -0.10273 0.21090 1.78106 2.70018 3.71602 0.09212 3.05028 6.85842
8.40000 -0.10063 0.21009 1.80816 2.71911 3.76892 0.08974 3.26561 7.12426
8.41000 -0.09853 0.20916 1.83543 2.73534 3.81474 0.08734 3.48975 7.39182
8.42000 -0.09645 0.20814 1.86286 2.74887 3.85331 0.08493 3.72261 7.66085
8.43000 -0.09437 0.20703 1.89040 2.75967 3.88447 0.08252 3.96408 7.93106
8.44000 -0.09231 0.20583 1.91804 2.76773 3.90810 0.08010 4.21400 8.20220
8.45000 -0.09025 0.20458 1.94575 2.77305 3.92412 0.07769 4.47219 8.47400
8.46000 -0.08822 0.20326 1.97349 2.77561 3.93246 0.07528 4.73844 8.74619
8.47000 -0.08619 0.20190 2.00125 2.77542 3.93310 0.07288 5.01251 9.01849
8.48000 -0.08418 0.20051 2.02899 2.77246 3.92603 0.07048 5.29412 9.29063
8.49000 -0.08218 0.19908 2.05669 2.76676 3.91129 0.06809 5.58297 9.56235
8.50000 -0.08020 0.19763 2.08432 2.75830 3.88894 0.06572 5.87873 9.83338
8.51000 -0.07823 0.19616 2.11185 2.74709 3.85906 0.06336 6.18102 10.10344
8.52000 -0.07627 0.19468 2.13925 2.73316 3.82180 0.06101 6.48946 10.37227
8.53000 -0.07433 0.19320 2.16650 2.71650 3.77728 0.05869 6.80363 10.63960
8.54000 -0.07241 0.19172 2.19357 2.69714 3.72571 0.05639 7.12307 10.90516
8.55000 -0.07050 0.19024 2.22044 2.67509 3.66727 0.05411 7.44731 11.16869
8.56000 -0.06860 0.18878 2.24706 2.65038 3.60222 0.05185 7.77585 11.42993
8.57000 -0.06672 0.18732 2.27343 2.62303 3.53081 0.04963 8.10817 11.68861
8.58000 -0.06486 0.18589 2.29952 2.59306 3.45333 0.04743 8.44371 11.94448
8.59000 -0.06301 0.18447 2.32529 2.56051 3.37010 0.04526 8.78192 12.19728
8.60000 -0.06117 0.18308 2.35072 2.52541 3.28144 0.04313 9.12220 12.44677
8.61000 -0.05934 0.18171 2.37579 2.48779 3.18772 0.04103 9.46394 12.69268
8.62000 -0.05753 0.18036 2.40047 2.44769 3.08931 0.03896 9.80652 12.93479
8.63000 -0.05574 0.17905 2.42473 2.40514 2.98660 0.03694 10.14930 13.17284
8.64000 -0.05395 0.17777 2.44856 2.36020 2.88001 0.03495 10.49164 13.40660
8.65000 -0.05218 0.17652 2.47193 2.31291 2.76997 0.03301 10.83286 13.63583
8.66000 -0.05042 0.17530 2.49481 2.26331 2.65691 0.03110 11.17230 13.86032
8.67000 -0.04868 0.17412 2.51719 2.21145 2.54130 0.02925 11.50927 14.07982
8.68000 -0.04694 0.17297 2.53903 2.15738 2.42359 0.02744 11.84310 14.29413
8.69000 -0.04522 0.17187 2.56033 2.10116 2.30426 0.02567 12.17310 14.50303
8.70000 -0.04350 0.17080 2.58105 2.04285 2.18378 0.02395 12.49858 14.70631
8.71000 -0.04180 0.16977 2.60118 1.98249 2.06264 0.02229 12.81884 14.90377
8.72000 -0.04011 0.16877 2.62069 1.92016 1.94132 0.02067 13.13321 15.09521
8.73000 -0.03842 0.16782 2.63957 1.85591 1.82032 0.01911 13.44101 15.28044
8.74000 -0.03675 0.16691 2.65780 1.78981 1.70010 0.01760 13.74157 15.45928
8.75000 -0.03509 0.16604 2.67536 1.72192 1.58117 0.01615 14.03422 15.63154
8.76000 -0.03343 0.16521 2.69224 1.65231 1.46398 0.01476 14.31832 15.79706
8.77000 -0.03178 0.16442 2.70840 1.58106 1.34902 0.01342 14.59324 15.95567
8.78000 -0.03014 0.16367 2.72385 1.50822 1.23674 0.01214 14.85834 16.10721
8.79000 -0.02851 0.16296 2.73856 1.43388 1.12759 0.01092 15.11303 16.25154
8.80000 -0.02688 0.16230 2.75253 1.35811 1.02201 0.00976 15.35673 16.38850
8.81000 -0.02526 0.16168 2.76572 1.28098 0.92043 0.00866 15.58887 16.51795
8.82000 -0.02365 0.16110 2.77814 1.20257 0.82324 0.00762 15.80892 16.63978
8.83000 -0.02204 0.16056 2.78977 1.12297 0.73084 0.00665 16.01637 16.75386
8.84000 -0.02044 0.16006 2.80060 1.04224 0.64360 0.00574 16.21074 16.86007
8.85000 -0.01884 0.15961 2.81061 0.96047 0.56186 0.00489 16.39155 16.95831
8.86000 -0.01724 0.15919 2.81980 0.87774 0.48597 0.00411 16.55840 17.04848
8.87000 -0.01565 0.15882 2.82816 0.79413 0.41621 0.00340 16.71089 17.13050
8.88000 -0.01407 0.15850 2.83568 0.70974 0.35286 0.00275 16.84865 17.20427
8.89000 -0.01248 0.15821 2.84235 0.62463 0.29619 0.00217 16.97136 17.26972
8.90000 -0.01090 0.15797 2.84817 0.53890 0.24642 0.00166 17.07872 17.32680
8.91000 -0.00932 0.15777 2.85313 0.45264 0.20375 0.00122 17.17048 17.37544
8.92000 -0.00775 0.15761 2.85722 0.36592 0.16834 0.00084 17.24641 17.41559
8.93000 -0.00617 0.15749 2.86045 0.27883 0.14035 0.00053 17.30634 17.44722
8.94000 -0.00460 0.15742 2.86280 0.19147 0.11987 0.00030 17.35012 17.47029
8.95000 -0.00302 0.15738 2.86428 0.10392 0.10701 0.00013 17.37764 17.48478
8.96000 -0.00145 0.15739 2.86488 0.01626 0.10180 0.00003 17.38885 17.49067
8.97000 0.00012 0.15745 2.86460 -0.07141 0.10426 0.00000 17.38371 17.48797
8.98000 0.00170 0.15754 2.86345 -0.15901 0.11440 0.00004 17.36223 17.47667
8.99000 0.00328 0.15768 2.86142 -0.24645 0.13216 0.00015 17.32447 17.45678
9.00000 0.00485 0.15786 2.85852 -0.33364 0.15747 0.00033 17.27052 17.42832
9.01000 0.00643 0.15809 2.85475 -0.42050 0.19024 0.00058 17.20050 17.39133
9.02000 0.00801 0.15835 2.85011 -0.50694 0.23034 0.00090 17.11460 17.34583
9.03000 0.00960 0.15866 2.84461 -0.59287 0.27760 0.00129 17.01300 17.29188
9.04000 0.01119 0.15901 2.83826 -0.67821 0.33183 0.00174 16.89596 17.22953
9.05000 0.01278 0.15941 2.83105 -0.76287 0.39282 0.00227 16.76375 17.15884
9.06000 0.01438 0.15984 2.82300 -0.84677 0.46032 0.00286 16.61670 17.07988
9.07000 0.01598 0.16033 2.81412 -0.92982 0.53406 0.00352 16.45514 16.99273
9.08000 0.01758 0.16085 2.80441 -1.01195 0.61376 0.00425 16.27947 16.89748
9.09000 0.01919 0.16142 2.79388 -1.09306 0.69908 0.00505 16.09009 16.79422
9.10000 0.02081 0.16203 2.78255 -1.17308 0.78969 0.00591 15.88746 16.68306
9.11000 0.02243 0.16268 2.77043 -1.25192 0.88522 0.00684 15.67204 16.56410
9.12000 0.02407 0.16338 2.75752 -1.32952 0.98529 0.00783 15.44434 16.43747
9.13000 0.02570 0.16412 2.74384 -1.40578 1.08951 0.00889 15.20489 16.30329
9.14000 0.02735 0.16491 2.72941 -1.48065 1.19745 0.01001 14.95424 16.16170
9.15000 0.02900 0.16573 2.71423 -1.55403 1.30868 0.01120 14.69296 16.01284
9.16000 0.03066 0.16660 2.69833 -1.62586 1.42276 0.01244 14.42165 15.85685
9.17000 0.03233 0.16752 2.68172 -1.69607 1.53923 0.01375 14.14092 15.69390
9.18000 0.03401 0.16848 2.66442 -1.76458 1.65762 0.01512 13.85140 15.52414
9.19000 0.03570 0.16948 2.64643 -1.83133 1.77747 0.01654 13.55373 15.34774
9.20000 0.03740 0.17052 2.62780 -1.89625 1.89828 0.01803 13.24859 15.16489
9.21000 0.03911 0.17161 2.60852 -1.95928 2.01957 0.01957 12.93662 14.97576
9.22000 0.04084 0.17274 2.58862 -2.02035 2.14087 0.02117 12.61851 14.78055
9.23000 0.04257 0.17391 2.56812 -2.07940 2.26168 0.02282 12.29494 14.57944
9.24000 0.04431 0.17512 2.54704 -2.13637 2.38152 0.02453 11.96659 14.37264
9.25000 0.04607 0.17637 2.52540 -2.19122 2.49991 0.02629 11.63416 14.16035
9.26000 0.04784 0.17766 2.50322 -2.24387 2.61637 0.02810 11.29832 13.94279
9.27000 0.04962 0.17899 2.48053 -2.29429 2.73044 0.02996 10.95978 13.72018
9.28000 0.05142 0.18036 2.45734 -2.34241 2.84166 0.03186 10.61920 13.49273
9.29000 0.05323 0.18176 2.43368 -2.38820 2.94959 0.03382 10.27726 13.26067
9.30000 0.05506 0.18320 2.40958 -2.43161 3.05379 0.03582 9.93463 13.02424
9.31000 0.05690 0.18468 2.38506 -2.47258 3.15384 0.03786 9.59197 12.78367
9.32000 0.05875 0.18618 2.36014 -2.51109 3.24934 0.03995 9.24991 12.53920
9.33000 0.06062 0.18772 2.33485 -2.54710 3.33991 0.04207 8.90909 12.29107
9.34000 0.06250 0.18928 2.30921 -2.58057 3.42519 0.04424 8.57011 12.03954
9.35000 0.06441 0.19087 2.28324 -2.61146 3.50483 0.04644 8.23358 11.78485
9.36000 0.06632 0.19248 2.25699 -2.63975 3.57851 0.04868 7.90007 11.52726
9.37000 0.06825 0.19412 2.23046 -2.66541 3.64593 0.05095 7.57014 11.26702
9.38000 0.07020 0.19576 2.20369 -2.68841 3.70683 0.05325 7.24431 11.00439
9.39000 0.07217 0.19742 2.17670 -2.70873 3.76095 0.05559 6.92310 10.73964
9.40000 0.07415 0.19909 2.14952 -2.72636 3.80808 0.05795 6.60700 10.47303
9.41000 0.07615 0.20076 2.12218 -2.74127 3.84803 0.06034 6.29645 10.20482
9.42000 0.07817 0.20243 2.09471 -2.75345 3.88063 0.06275 5.99190 9.93528
9.43000 0.08020 0.20409 2.06712 -2.76289 3.90576 0.06518 5.69374 9.66468
9.44000 0.08225 0.20573 2.03946 -2.76958 3.92330 0.06764 5.40235 9.39329
9.45000 0.08432 0.20736 2.01174 -2.77351 3.93319 0.07011 5.11808 9.12138
9.46000 0.08640 0.20895 1.98400 -2.77469 3.93539 0.07259 4.84124 8.84922
9.47000 0.08849 0.21051 1.95625 -2.77311 3.92987 0.07509 4.57211 8.57708
9.48000 0.09061 0.21202 1.92854 -2.76878 3.91666 0.07761 4.31096 8.30522
9.49000 0.09273 0.21348 1.90089 -2.76169 3.89581 0.08012 4.05799 8.03393
9.50000 0.09488 0.21486 1.87332 -2.75187 3.86740 0.08265 3.81342 7.76347
9.51000 0.09703 0.21617 1.84586 -2.73932 3.83153 0.08518 3.57739 7.49410
9.52000 0.09920 0.21739 1.81854 -2.72404 3.78836 0.08770 3.35004 7.22610
9.53000 0.10138 0.21851 1.79139 -2.70607 3.73803 0.09023 3.13147 6.95973
9.54000 0.10357 0.21951 1.76443 -2.68543 3.68076 0.09275 2.92175 6.69526
9.55000 0.10577 0.22037 1.73769 -2.66212 3.61676 0.09526 2.72092 6.43294
9.56000 0.10798 0.22109 1.71119 -2.63618 3.54629 0.09776 2.52899 6.17304
9.57000 0.11019 0.22163 1.68497 -2.60764 3.46962 0.10025 2.34594 5.91581
9.58000 0.11241 0.22200 1.65905 -2.57652 3.38705 0.10272 2.17174 5.66150
9.59000 0.11463 0.22215 1.63345 -2.54286 3.29891 0.10516 2.00630 5.41038
9.60000 0.11685 0.22208 1.60820 -2.50670 3.20555 0.10758 1.84954 5.16268
9.61000 0.11907 0.22177 1.58333 -2.46807 3.10732 0.10998 1.70134 4.91864
9.62000 0.12128 0.22118 1.55885 -2.42701 3.00463 0.11234 1.56156 4.67852
9.63000 0.12349 0.22031 1.53479 -2.38357 2.89786 0.11466 1.43002 4.44254
9.64000 0.12569 0.21912 1.51118 -2.33779 2.78745 0.11695 1.30655 4.21094
9.65000 0.12787 0.21758 1.48805 -2.28972 2.67382 0.11919 1.19094 3.98394
9.66000 0.13004 0.21569 1.46540 -2.23941 2.55742 0.12138 1.08297 3.76177
9.67000 0.13219 0.21340 1.44326 -2.18691 2.43871 0.12352 0.98242 3.54464
9.68000 0.13431 0.21069 1.42167 -2.13227 2.31816 0.12560 0.88901 3.33277
9.69000 0.13640 0.20755 1.40063 -2.07556 2.19624 0.12762 0.80250 3.12636
9.70000 0.13846 0.20394 1.38016 -2.01684 2.07343 0.12957 0.72262 2.92561
9.71000 0.14048 0.19984 1.36030 -1.95615 1.95021 0.13145 0.64906 2.73072
9.72000 0.14245 0.19523 1.34105 -1.89356 1.82706 0.13325 0.58156 2.54188
9.73000 0.14438 0.19009 1.32243 -1.82914 1.70448 0.13498 0.51981 2.35926
9.74000 0.14625 0.18440 1.30447 -1.76296 1.58294 0.13662 0.46350 2.18306
9.75000 0.14806 0.17814 1.28718 -1.69507 1.46291 0.13816 0.41235 2.01343
9.76000 0.14981 0.17129 1.27057 -1.62554 1.34488 0.13961 0.36605 1.85054
9.77000 0.15149 0.16385 1.25467 -1.55446 1.22930 0.14096 0.32429 1.69455
9.78000 0.15309 0.15581 1.23949 -1.48187 1.11662 0.14220 0.28677 1.54560
9.79000 0.15460 0.14716 1.22504 -1.40787 1.00730 0.14334 0.25321 1.40385
9.80000 0.15603 0.13791 1.21134 -1.33252 0.90175 0.14435 0.22331 1.26942
9.81000 0.15736 0.12807 1.19839 -1.25588 0.80040 0.14525 0.19680 1.14245
9.82000 0.15859 0.11763 1.18622 -1.17805 0.70364 0.14603 0.17339 1.02306
9.83000 0.15971 0.10663 1.17484 -1.09909 0.61184 0.14667 0.15284 0.91135
9.84000 0.16072 0.09507 1.16424 -1.01907 0.52538 0.14719 0.13488 0.80745
9.85000 0.16161 0.08300 1.15446 -0.93808 0.44459 0.14757 0.11928 0.71144
9.86000 0.16238 0.07043 1.14548 -0.85619 0.36978 0.14782 0.10583 0.62343
9.87000 0.16302 0.05743 1.13734 -0.77347 0.30126 0.14792 0.09431 0.54349
9.88000 0.16352 0.04402 1.13002 -0.69001 0.23929 0.14788 0.08452 0.47170
9.89000 0.16390 0.03025 1.12354 -0.60587 0.18412 0.14770 0.07631 0.40813
9.90000 0.16413 0.01619 1.11790 -0.52115 0.13596 0.14738 0.06951 0.35285
9.91000 0.16422 0.00190 1.11312 -0.43591 0.09501 0.14691 0.06398 0.30590
9.92000 0.16417 -0.01257 1.10919 -0.35024 0.06143 0.14630 0.05961 0.26733
9.93000 0.16397 -0.02715 1.10611 -0.26421 0.03535 0.14554 0.05630 0.23719
9.94000 0.16362 -0.04176 1.10390 -0.17790 0.01689 0.14464 0.05398 0.21551
9.95000 0.16313 -0.05634 1.10256 -0.09140 0.00611 0.14360 0.05259 0.20229
9.96000 0.16250 -0.07082 1.10207 -0.00477 0.00306 0.14242 0.05210 0.19758
9.97000 0.16172 -0.08513 1.10246 0.08189 0.00776 0.14111 0.05249 0.20136
9.98000 0.16079 -0.09920 1.10371 0.16851 0.02019 0.13967 0.05378 0.21364
9.99000 0.15973 -0.11297 1.10583 0.25500 0.04032 0.13810 0.05600 0.23442
