# t theta omega l v E_kin E_pot E_elastic E_tot
0.00000 1.00000 0.10000 1.50000 0.00000 0.01125 6.76445 1.25000 8.02570
0.01000 1.00072 0.04495 1.50002 0.00305 0.00228 6.77350 1.25008 8.02585
0.02000 1.00090 -0.01011 1.50006 0.00599 0.00013 6.77586 1.25030 8.02630
0.03000 1.00052 -0.06516 1.50014 0.00895 0.00482 6.77153 1.25068 8.02703
0.04000 0.99960 -0.12018 1.50024 0.01206 0.01633 6.76053 1.25120 8.02806
0.05000 0.99812 -0.17513 1.50038 0.01545 0.03464 6.74287 1.25189 8.02940
0.06000 0.99609 -0.23000 1.50055 0.01926 0.05974 6.71861 1.25275 8.03110
0.07000 0.99352 -0.28475 1.50076 0.02362 0.09159 6.68778 1.25382 8.03320
0.08000 0.99040 -0.33936 1.50103 0.02866 0.13015 6.65048 1.25513 8.03576
0.09000 0.98673 -0.39379 1.50134 0.03450 0.17536 6.60678 1.25671 8.03885
0.10000 0.98252 -0.44800 1.50172 0.04128 0.22717 6.55679 1.25861 8.04256
0.11000 0.97777 -0.50197 1.50217 0.04911 0.28550 6.50062 1.26087 8.04698
0.12000 0.97249 -0.55564 1.50270 0.05810 0.35027 6.43840 1.26356 8.05223
0.13000 0.96666 -0.60898 1.50334 0.06839 0.42141 6.37028 1.26673 8.05843
0.14000 0.96031 -0.66193 1.50408 0.08007 0.49880 6.29642 1.27047 8.06570
0.15000 0.95343 -0.71443 1.50494 0.09326 0.58236 6.21700 1.27483 8.07418
0.16000 0.94602 -0.76644 1.50595 0.10806 0.67195 6.13218 1.27991 8.08405
0.17000 0.93810 -0.81788 1.50711 0.12456 0.76746 6.04219 1.28580 8.09544
0.18000 0.92966 -0.86870 1.50844 0.14285 0.86875 5.94721 1.29258 8.10854
0.19000 0.92073 -0.91881 1.50997 0.16301 0.97569 5.84748 1.30036 8.12353
0.20000 0.91129 -0.96814 1.51171 0.18512 1.08812 5.74323 1.30924 8.14059
0.21000 0.90137 -1.01661 1.51368 0.20924 1.20587 5.63470 1.31934 8.15992
0.22000 0.89096 -1.06413 1.51590 0.23544 1.32879 5.52214 1.33078 8.18171
0.23000 0.88009 -1.11062 1.51840 0.26375 1.45669 5.40581 1.34368 8.20618
0.24000 0.86875 -1.15598 1.52119 0.29422 1.58938 5.28598 1.35817 8.23353
0.25000 0.85697 -1.20012 1.52429 0.32688 1.72665 5.16293 1.37440 8.26398
0.26000 0.84476 -1.24295 1.52773 0.36174 1.86831 5.03693 1.39250 8.29774
0.27000 0.83212 -1.28435 1.53153 0.39880 2.01412 4.90827 1.41263 8.33502
0.28000 0.81907 -1.32425 1.53571 0.43806 2.16386 4.77725 1.43495 8.37605
0.29000 0.80564 -1.36254 1.54030 0.47949 2.31728 4.64415 1.45962 8.42104
0.30000 0.79183 -1.39913 1.54531 0.52307 2.47412 4.50926 1.48682 8.47020
0.31000 0.77766 -1.43392 1.55077 0.56875 2.63412 4.37289 1.51673 8.52374
0.32000 0.76316 -1.46683 1.55669 0.61647 2.79699 4.23533 1.54953 8.58185
0.33000 0.74833 -1.49778 1.56310 0.66616 2.96245 4.09687 1.58543 8.64475
0.34000 0.73321 -1.52668 1.57002 0.71773 3.13019 3.95780 1.62463 8.71262
0.35000 0.71780 -1.55347 1.57746 0.77109 3.29989 3.81842 1.66733 8.78563
0.36000 0.70215 -1.57809 1.58545 0.82613 3.47121 3.67899 1.71376 8.86396
0.37000 0.68625 -1.60049 1.59399 0.88272 3.64383 3.53980 1.76413 8.94777
0.38000 0.67014 -1.62062 1.60311 0.94073 3.81737 3.40112 1.81870 9.03720
0.39000 0.65385 -1.63846 1.61281 1.00002 3.99148 3.26321 1.87769 9.13238
0.40000 0.63738 -1.65397 1.62311 1.06044 4.16577 3.12632 1.94135 9.23344
0.41000 0.62077 -1.66716 1.63402 1.12183 4.33985 2.99070 2.00993 9.34047
0.42000 0.60405 -1.67803 1.64555 1.18401 4.51331 2.85657 2.08369 9.45357
0.43000 0.58722 -1.68660 1.65771 1.24681 4.68574 2.72417 2.16288 9.57279
0.44000 0.57032 -1.69288 1.67049 1.31005 4.85673 2.59369 2.24778 9.69821
0.45000 0.55337 -1.69692 1.68391 1.37354 5.02584 2.46535 2.33865 9.82983
0.46000 0.53639 -1.69877 1.69796 1.43710 5.19262 2.33933 2.43575 9.96770
0.47000 0.51940 -1.69848 1.71265 1.50053 5.35665 2.21580 2.53934 10.11179
0.48000 0.50243 -1.69613 1.72797 1.56365 5.51747 2.09492 2.64970 10.26209
0.49000 0.48549 -1.69179 1.74392 1.62625 5.67463 1.97685 2.76709 10.41856
0.50000 0.46860 -1.68555 1.76049 1.68816 5.82767 1.86172 2.89175 10.58114
0.51000 0.45178 -1.67750 1.77768 1.74917 5.97617 1.74965 3.02393 10.74975
0.52000 0.43505 -1.66774 1.79547 1.80912 6.11965 1.64075 3.16389 10.92429
0.53000 0.41843 -1.65638 1.81386 1.86782 6.25769 1.53514 3.31183 11.10466
0.54000 0.40193 -1.64351 1.83282 1.92510 6.38985 1.43288 3.46798 11.29071
0.55000 0.38557 -1.62924 1.85236 1.98078 6.51570 1.33406 3.63255 11.48231
0.56000 0.36935 -1.61369 1.87243 2.03471 6.63483 1.23874 3.80571 11.67928
0.57000 0.35330 -1.59696 1.89304 2.08673 6.74684 1.14698 3.98763 11.88146
0.58000 0.33742 -1.57917 1.91416 2.13669 6.85135 1.05882 4.17846 12.08863
0.59000 0.32172 -1.56042 1.93577 2.18446 6.94798 0.97429 4.37832 12.30060
0.60000 0.30621 -1.54082 1.95784 2.22990 7.03640 0.89343 4.58732 12.51715
0.61000 0.29090 -1.52047 1.98036 2.27288 7.11627 0.81623 4.80552 12.73803
0.62000 0.27580 -1.49946 2.00329 2.31331 7.18730 0.74272 5.03298 12.96300
0.63000 0.26092 -1.47791 2.02662 2.35106 7.24921 0.67289 5.26971 13.19181
0.64000 0.24625 -1.45589 2.05030 2.38604 7.30176 0.60674 5.51570 13.42419
0.65000 0.23180 -1.43349 2.07433 2.41817 7.34471 0.54424 5.77090 13.65986
0.66000 0.21758 -1.41080 2.09866 2.44736 7.37790 0.48539 6.03525 13.89854
0.67000 0.20358 -1.38789 2.12327 2.47353 7.40115 0.43016 6.30862 14.13993
0.68000 0.18982 -1.36483 2.14812 2.49663 7.41435 0.37851 6.59088 14.38374
0.69000 0.17629 -1.34169 2.17319 2.51659 7.41742 0.33041 6.88184 14.62967
0.70000 0.16299 -1.31853 2.19844 2.53338 7.41029 0.28582 7.18129 14.87740
0.71000 0.14992 -1.29541 2.22384 2.54693 7.39294 0.24470 7.48897 15.12661
0.72000 0.13708 -1.27238 2.24937 2.55723 7.36541 0.20699 7.80460 15.37700
0.73000 0.12447 -1.24949 2.27498 2.56425 7.32774 0.17265 8.12784 15.62823
0.74000 0.11209 -1.22677 2.30064 2.56795 7.28003 0.14163 8.45834 15.87999
0.75000 0.09993 -1.20427 2.32633 2.56833 7.22240 0.11386 8.79570 16.13196
0.76000 0.08800 -1.18201 2.35200 2.56538 7.15503 0.08928 9.13948 16.38379
0.77000 0.07629 -1.16004 2.37762 2.55909 7.07812 0.06784 9.48921 16.63517
0.78000 0.06480 -1.13837 2.40317 2.54948 6.99190 0.04948 9.84440 16.88578
0.79000 0.05352 -1.11702 2.42860 2.53654 6.89666 0.03412 10.20450 17.13527
0.80000 0.04246 -1.09603 2.45389 2.52029 6.79270 0.02169 10.56894 17.38334
0.81000 0.03160 -1.07539 2.47900 2.50074 6.68037 0.01214 10.93714 17.62965
0.82000 0.02095 -1.05514 2.50389 2.47793 6.56004 0.00539 11.30845 17.87388
0.83000 0.01050 -1.03527 2.52854 2.45189 6.43212 0.00137 11.68222 18.11571
0.84000 0.00024 -1.01580 2.55292 2.42263 6.29705 0.00000 12.05778 18.35483
0.85000 -0.00982 -0.99673 2.57699 2.39020 6.15530 0.00122 12.43441 18.59093
0.86000 -0.01969 -0.97807 2.60071 2.35464 6.00734 0.00495 12.81139 18.82369
0.87000 -0.02938 -0.95983 2.62407 2.31599 5.85371 0.01111 13.18798 19.05281
0.88000 -0.03889 -0.94199 2.64702 2.27431 5.69495 0.01964 13.56340 19.27798
0.89000 -0.04822 -0.92457 2.66954 2.22963 5.53160 0.03045 13.93688 19.49893
0.90000 -0.05739 -0.90756 2.69160 2.18203 5.36425 0.04346 14.30763 19.71534
0.91000 -0.06638 -0.89096 2.71317 2.13155 5.19349 0.05861 14.67484 19.92695
0.92000 -0.07521 -0.87476 2.73423 2.07826 5.01994 0.07582 15.03770 20.13346
0.93000 -0.08387 -0.85897 2.75473 2.02222 4.84421 0.09500 15.39540 20.33461
0.94000 -0.09239 -0.84357 2.77466 1.96350 4.66693 0.11608 15.74712 20.53013
0.95000 -0.10075 -0.82857 2.79399 1.90216 4.48874 0.13898 16.09204 20.71976
0.96000 -0.10896 -0.81394 2.81270 1.83829 4.31028 0.16363 16.42934 20.90325
0.97000 -0.11703 -0.79970 2.83075 1.77195 4.13219 0.18994 16.75822 21.08036
0.98000 -0.12495 -0.78583 2.84813 1.70323 3.95512 0.21784 17.07788 21.25083
0.99000 -0.13274 -0.77231 2.86481 1.63220 3.77969 0.24725 17.38752 21.41445
1.00000 -0.14040 -0.75916 2.88076 1.55895 3.60654 0.27809 17.68637 21.57100
1.01000 -0.14793 -0.74635 2.89598 1.48355 3.43630 0.31028 17.97367 21.72025
1.02000 -0.15533 -0.73388 2.91043 1.40610 3.26958 0.34374 18.24868 21.86200
1.03000 -0.16261 -0.72173 2.92409 1.32668 3.10697 0.37840 18.51068 21.99606
1.04000 -0.16977 -0.70991 2.93696 1.24539 2.94907 0.41418 18.75898 22.12224
1.05000 -0.17681 -0.69840 2.94900 1.16230 2.79643 0.45100 18.99292 22.24035
1.06000 -0.18373 -0.68720 2.96020 1.07753 2.64960 0.48879 19.21184 22.35022
1.07000 -0.19055 -0.67629 2.97054 0.99115 2.50910 0.52746 19.41515 22.45171
1.08000 -0.19726 -0.66566 2.98001 0.90327 2.37543 0.56693 19.60228 22.54464
1.09000 -0.20387 -0.65531 2.98860 0.81399 2.24906 0.60714 19.77268 22.62888
1.10000 -0.21037 -0.64522 2.99629 0.72339 2.13043 0.64801 19.92586 22.70430
1.11000 -0.21677 -0.63540 3.00307 0.63158 2.01996 0.68946 20.06135 22.77077
1.12000 -0.22308 -0.62582 3.00892 0.53867 1.91803 0.73141 20.17875 22.82818
1.13000 -0.22929 -0.61649 3.01384 0.44474 1.82498 0.77378 20.27766 22.87643
1.14000 -0.23541 -0.60739 3.01781 0.34991 1.74112 0.81652 20.35777 22.91541
1.15000 -0.24144 -0.59851 3.02083 0.25427 1.66673 0.85953 20.41878 22.94505
1.16000 -0.24738 -0.58984 3.02289 0.15793 1.60205 0.90276 20.46047 22.96527
1.17000 -0.25323 -0.58138 3.02399 0.06099 1.54728 0.94611 20.48262 22.97602
1.18000 -0.25901 -0.57311 3.02411 -0.03645 1.50258 0.98953 20.48511 22.97722
1.19000 -0.26470 -0.56503 3.02326 -0.13428 1.46807 1.03294 20.46784 22.96885
1.20000 -0.27031 -0.55714 3.02142 -0.23240 1.44382 1.07627 20.43077 22.95087
1.21000 -0.27584 -0.54941 3.01861 -0.33070 1.42989 1.11946 20.37390 22.92325
1.22000 -0.28130 -0.54184 3.01481 -0.42908 1.42628 1.16242 20.29729 22.88598
1.23000 -0.28668 -0.53442 3.01003 -0.52743 1.43293 1.20510 20.20104 22.83907
1.24000 -0.29199 -0.52715 3.00426 -0.62566 1.44977 1.24742 20.08532 22.78251
1.25000 -0.29722 -0.52001 2.99751 -0.72366 1.47668 1.28932 19.95032 22.71632
1.26000 -0.30239 -0.51300 2.98979 -0.82132 1.51349 1.33074 19.79631 22.64053
1.27000 -0.30748 -0.50610 2.98109 -0.91855 1.56001 1.37160 19.62358 22.55519
1.28000 -0.31251 -0.49931 2.97142 -1.01524 1.61599 1.41185 19.43249 22.46033
1.29000 -0.31747 -0.49262 2.96079 -1.11128 1.68116 1.45143 19.22343 22.35602
1.30000 -0.32236 -0.48602 2.94920 -1.20659 1.75521 1.49027 18.99684 22.24232
1.31000 -0.32719 -0.47950 2.93666 -1.30106 1.83778 1.52831 18.75322 22.11932
1.32000 -0.33195 -0.47304 2.92318 -1.39460 1.92850 1.56550 18.49308 21.98709
1.33000 -0.33665 -0.46665 2.90877 -1.48710 2.02696 1.60177 18.21700 21.84573
1.34000 -0.34128 -0.46030 2.89344 -1.57846 2.13269 1.63707 17.92559 21.69535
1.35000 -0.34586 -0.45399 2.87720 -1.66861 2.24525 1.67135 17.61948 21.53607
1.36000 -0.35036 -0.44771 2.86007 -1.75743 2.36411 1.70455 17.29935 21.36802
1.37000 -0.35481 -0.44145 2.84206 -1.84485 2.48876 1.73662 16.96593 21.19131
1.38000 -0.35919 -0.43519 2.82318 -1.93076 2.61866 1.76751 16.61994 21.00611
1.39000 -0.36351 -0.42892 2.80345 -2.01508 2.75322 1.79716 16.26217 20.81255
1.40000 -0.36777 -0.42263 2.78288 -2.09773 2.89187 1.82554 15.89339 20.61080
1.41000 -0.37197 -0.41631 2.76150 -2.17861 3.03400 1.85259 15.51444 20.40103
1.42000 -0.37610 -0.40994 2.73932 -2.25764 3.17900 1.87827 15.12615 20.18342
1.43000 -0.38017 -0.40351 2.71636 -2.33475 3.32623 1.90254 14.72938 19.95815
1.44000 -0.38417 -0.39701 2.69263 -2.40985 3.47506 1.92535 14.32499 19.72541
1.45000 -0.38811 -0.39041 2.66817 -2.48286 3.62486 1.94667 13.91388 19.48540
1.46000 -0.39198 -0.38371 2.64298 -2.55372 3.77496 1.96645 13.49692 19.23834
1.47000 -0.39578 -0.37688 2.61710 -2.62233 3.92473 1.98467 13.07504 18.98444
1.48000 -0.39951 -0.36990 2.59054 -2.68865 4.07353 2.00128 12.64911 18.72391
1.49000 -0.40318 -0.36277 2.56333 -2.75258 4.22070 2.01625 12.22006 18.45700
1.50000 -0.40677 -0.35545 2.53550 -2.81408 4.36562 2.02954 11.78877 18.18394
1.51000 -0.41028 -0.34792 2.50706 -2.87306 4.50767 2.04114 11.35615 17.90496
1.52000 -0.41373 -0.34017 2.47805 -2.92948 4.64622 2.05102 10.92309 17.62033
1.53000 -0.41709 -0.33217 2.44848 -2.98327 4.78069 2.05913 10.49046 17.33028
1.54000 -0.42037 -0.32389 2.41839 -3.03437 4.91049 2.06547 10.05913 17.03510
1.55000 -0.42356 -0.31531 2.38780 -3.08274 5.03506 2.07001 9.62996 16.73503
1.56000 -0.42667 -0.30639 2.35674 -3.12831 5.15386 2.07273 9.20376 16.43035
1.57000 -0.42969 -0.29711 2.32524 -3.17104 5.26638 2.07361 8.78136 16.12135
1.58000 -0.43261 -0.28744 2.29333 -3.21087 5.37211 2.07264 8.36354 15.80829
1.59000 -0.43544 -0.27733 2.26104 -3.24777 5.47061 2.06979 7.95107 15.49147
1.60000 -0.43816 -0.26676 2.22839 -3.28170 5.56144 2.06506 7.54467 15.17118
1.61000 -0.44077 -0.25568 2.19541 -3.31260 5.64420 2.05845 7.14506 14.84770
1.62000 -0.44327 -0.24405 2.16215 -3.34045 5.71851 2.04993 6.75291 14.52134
1.63000 -0.44565 -0.23182 2.12861 -3.36520 5.78405 2.03951 6.36885 14.19241
1.64000 -0.44790 -0.21896 2.09485 -3.38683 5.84052 2.02717 5.99350 13.86119
1.65000 -0.45003 -0.20540 2.06089 -3.40531 5.88766 2.01293 5.62742 13.52801
1.66000 -0.45201 -0.19111 2.02676 -3.42060 5.92526 1.99678 5.27114 13.19318
1.67000 -0.45385 -0.17600 1.99249 -3.43268 5.95312 1.97873 4.92515 12.85700
1.68000 -0.45553 -0.16004 1.95811 -3.44152 5.97112 1.95877 4.58990 12.51979
1.69000 -0.45704 -0.14315 1.92367 -3.44709 5.97915 1.93693 4.26581 12.18188
1.70000 -0.45839 -0.12527 1.88918 -3.44939 5.97715 1.91320 3.95322 11.84358
1.71000 -0.45955 -0.10632 1.85469 -3.44839 5.96512 1.88761 3.65248 11.50522
1.72000 -0.46051 -0.08623 1.82023 -3.44406 5.94309 1.86018 3.36385 11.16711
1.73000 -0.46127 -0.06492 1.78582 -3.43639 5.91112 1.83091 3.08757 10.82960
1.74000 -0.46180 -0.04230 1.75151 -3.42537 5.86933 1.79984 2.82383 10.49300
1.75000 -0.46211 -0.01829 1.71732 -3.41098 5.81788 1.76700 2.57277 10.15765
1.76000 -0.46216 0.00721 1.68330 -3.39320 5.75697 1.73241 2.33450 9.82388
1.77000 -0.46196 0.03430 1.64947 -3.37202 5.68685 1.69611 2.10907 9.49202
1.78000 -0.46147 0.06307 1.61587 -3.34741 5.60778 1.65813 1.89649 9.16240
1.79000 -0.46069 0.09363 1.58253 -3.31938 5.52012 1.61852 1.69673 8.83537
1.80000 -0.45959 0.12608 1.54950 -3.28789 5.42420 1.57732 1.50973 8.51125
1.81000 -0.45816 0.16053 1.51679 -3.25294 5.32045 1.53460 1.33535 8.19040
1.82000 -0.45638 0.19710 1.48445 -3.21450 5.20930 1.49039 1.17345 7.87314
1.83000 -0.45421 0.23589 1.45251 -3.17255 5.09123 1.44477 1.02383 7.55983
1.84000 -0.45165 0.27701 1.42101 -3.12707 4.96675 1.39781 0.88624 7.25080
1.85000 -0.44867 0.32057 1.38998 -3.07803 4.83642 1.34957 0.76042 6.94641
1.86000 -0.44523 0.36666 1.35946 -3.02542 4.70081 1.30014 0.64606 6.64701
1.87000 -0.44132 0.41539 1.32948 -2.96919 4.56053 1.24961 0.54280 6.35294
1.88000 -0.43691 0.46683 1.30009 -2.90931 4.41623 1.19808 0.45027 6.06457
1.89000 -0.43198 0.52105 1.27131 -2.84576 4.26857 1.14564 0.36805 5.78226
1.90000 -0.42648 0.57811 1.24319 -2.77848 4.11824 1.09242 0.29570 5.50636
1.91000 -0.42041 0.63803 1.21575 -2.70744 3.96597 1.03852 0.23275 5.23724
1.92000 -0.41371 0.70080 1.18905 -2.63260 3.81249 0.98409 0.17870 4.97528
1.93000 -0.40638 0.76641 1.16311 -2.55391 3.65855 0.92927 0.13303 4.72085
1.94000 -0.39838 0.83477 1.13798 -2.47133 3.50493 0.87420 0.09520 4.47433
1.95000 -0.38968 0.90575 1.11370 -2.38480 3.35241 0.81905 0.06464 4.23611
1.96000 -0.38025 0.97920 1.09030 -2.29429 3.20179 0.76400 0.04077 4.00656
1.97000 -0.37008 1.05488 1.06783 -2.19975 3.05387 0.70922 0.02300 3.78610
1.98000 -0.35915 1.13247 1.04632 -2.10116 2.90947 0.65491 0.01073 3.57510
1.99000 -0.34743 1.21161 1.02582 -1.99849 2.76938 0.60127 0.00333 3.37398
2.00000 -0.33491 1.29184 1.00636 -1.89173 2.63441 0.54853 0.00020 3.18313
2.01000 -0.32159 1.37263 0.98800 -1.78088 2.50535 0.49689 0.00072 3.00296
2.02000 -0.30746 1.45336 0.97076 -1.66597 2.38299 0.44659 0.00427 2.83386
2.03000 -0.29253 1.53332 0.95469 -1.54704 2.26810 0.39786 0.01026 2.67623
2.04000 -0.27680 1.61174 0.93983 -1.42418 2.16141 0.35095 0.01810 2.53046
2.05000 -0.26030 1.68777 0.92622 -1.29749 2.06362 0.30609 0.02722 2.39693
2.06000 -0.24306 1.76053 0.91389 -1.16712 1.97542 0.26352 0.03707 2.27601
2.07000 -0.22510 1.82906 0.90289 -1.03326 1.89744 0.22346 0.04715 2.16805
2.08000 -0.20649 1.89244 0.89324 -0.89612 1.83025 0.18615 0.05699 2.07339
2.09000 -0.18727 1.94973 0.88498 -0.75599 1.77439 0.15180 0.06615 1.99233
2.10000 -0.16752 2.00006 0.87813 -0.61318 1.73030 0.12059 0.07426 1.92515
2.11000 -0.14730 2.04260 0.87272 -0.46803 1.69839 0.09271 0.08100 1.87210
2.12000 -0.12670 2.07665 0.86878 -0.32096 1.67898 0.06831 0.08610 1.83339
2.13000 -0.10580 2.10166 0.86631 -0.17238 1.67230 0.04752 0.08937 1.80918
2.14000 -0.08469 2.11719 0.86533 -0.02274 1.67850 0.03043 0.09068 1.79960
2.15000 -0.06349 2.12301 0.86585 0.12747 1.69765 0.01711 0.08997 1.80474
2.16000 -0.04227 2.11908 0.86788 0.27778 1.72974 0.00760 0.08728 1.82462
2.17000 -0.02114 2.10551 0.87141 0.42770 1.77464 0.00191 0.08268 1.85923
2.18000 -0.00019 2.08263 0.87643 0.57676 1.83216 0.00000 0.07634 1.90850
2.19000 0.02049 2.05092 0.88294 0.72449 1.90201 0.00182 0.06852 1.97234
2.20000 0.04080 2.01099 0.89092 0.87047 1.98382 0.00727 0.05950 2.05059
2.21000 0.06068 1.96360 0.90034 1.01428 2.07714 0.01626 0.04966 2.14306
2.22000 0.08005 1.90958 0.91119 1.15555 2.18145 0.02863 0.03943 2.24951
2.23000 0.09885 1.84982 0.92344 1.29396 2.29615 0.04423 0.02930 2.36968
2.24000 0.11703 1.78524 0.93706 1.42921 2.42059 0.06288 0.01981 2.50328
2.25000 0.13455 1.71676 0.95202 1.56106 2.55406 0.08441 0.01151 2.64998
2.26000 0.15136 1.64529 0.96827 1.68929 2.69581 0.10860 0.00503 2.80944
2.27000 0.16744 1.57167 0.98579 1.81373 2.84503 0.13525 0.00101 2.98130
2.28000 0.18279 1.49671 1.00453 1.93425 3.00090 0.16417 0.00010 3.16517
2.29000 0.19738 1.42112 1.02446 2.05073 3.16255 0.19513 0.00299 3.36066
2.30000 0.21121 1.34556 1.04553 2.16310 3.32910 0.22792 0.01037 3.56739
2.31000 0.22429 1.27060 1.06771 2.27131 3.49965 0.26236 0.02292 3.78493
2.32000 0.23663 1.19672 1.09095 2.37531 3.67330 0.29822 0.04136 4.01288
2.33000 0.24823 1.12434 1.11520 2.47510 3.84914 0.33533 0.06636 4.25083
2.34000 0.25912 1.05378 1.14043 2.57066 4.02626 0.37349 0.09861 4.49836
2.35000 0.26931 0.98532 1.16660 2.66199 4.20375 0.41252 0.13878 4.75505
2.36000 0.27883 0.91916 1.19366 2.74912 4.38072 0.45226 0.18752 5.02050
2.37000 0.28770 0.85545 1.22157 2.83206 4.55628 0.49255 0.24546 5.29429
2.38000 0.29595 0.79428 1.25029 2.91083 4.72957 0.53323 0.31322 5.57601
2.39000 0.30360 0.73573 1.27977 2.98546 4.89974 0.57416 0.39136 5.86526
2.40000 0.31067 0.67980 1.30998 3.05596 5.06598 0.61520 0.48044 6.16163
2.41000 0.31720 0.62650 1.34088 3.12238 5.22749 0.65623 0.58099 6.46471
2.42000 0.32321 0.57579 1.37242 3.18474 5.38350 0.69713 0.69347 6.77411
2.43000 0.32873 0.52763 1.40456 3.24305 5.53329 0.73780 0.81834 7.08942
2.44000 0.33377 0.48194 1.43726 3.29735 5.67615 0.77811 0.95600 7.41026
2.45000 0.33837 0.43865 1.47049 3.34765 5.81143 0.81799 1.10681 7.73623
2.46000 0.34255 0.39768 1.50420 3.39399 5.93849 0.85734 1.27111 8.06694
2.47000 0.34634 0.35892 1.53836 3.43638 6.05678 0.89607 1.44915 8.40200
2.48000 0.34974 0.32228 1.57292 3.47484 6.16573 0.93412 1.64118 8.74103
2.49000 0.35279 0.28766 1.60784 3.50939 6.26487 0.97140 1.84736 9.08364
2.50000 0.35550 0.25497 1.64309 3.54005 6.35374 1.00786 2.06784 9.42944
2.51000 0.35789 0.22410 1.67863 3.56685 6.43195 1.04342 2.30270 9.77807
2.52000 0.35999 0.19495 1.71442 3.58979 6.49914 1.07804 2.55196 10.12913
2.53000 0.36180 0.16742 1.75041 3.60890 6.55501 1.11165 2.81560 10.48226
2.54000 0.36334 0.14143 1.78658 3.62419 6.59931 1.14421 3.09356 10.83707
2.55000 0.36463 0.11689 1.82288 3.63569 6.63183 1.17568 3.38570 11.19320
2.56000 0.36568 0.09370 1.85928 3.64342 6.65243 1.20600 3.69184 11.55027
2.57000 0.36651 0.07178 1.89574 3.64740 6.66101 1.23515 4.01176 11.90792
2.58000 0.36712 0.05106 1.93222 3.64764 6.65752 1.26309 4.34516 12.26577
2.59000 0.36753 0.03146 1.96868 3.64419 6.64197 1.28978 4.69172 12.62347
2.60000 0.36775 0.01290 2.00509 3.63705 6.61441 1.31519 5.05104 12.98064
2.61000 0.36780 -0.00468 2.04141 3.62627 6.57495 1.33931 5.42268 13.33694
2.62000 0.36766 -0.02135 2.07760 3.61186 6.52375 1.36209 5.80615 13.69200
2.63000 0.36737 -0.03716 2.11364 3.59386 6.46102 1.38353 6.20092 14.04547
2.64000 0.36692 -0.05218 2.14947 3.57231 6.38700 1.40360 6.60640 14.39700
2.65000 0.36633 -0.06645 2.18507 3.54724 6.30200 1.42229 7.02195 14.74624
2.66000 0.36560 -0.08004 2.22040 3.51869 6.20637 1.43957 7.44691 15.09285
2.67000 0.36473 -0.09299 2.25543 3.48669 6.10050 1.45544 7.88055 15.43649
2.68000 0.36374 -0.10534 2.29012 3.45130 5.98483 1.46989 8.32211 15.77683
2.69000 0.36263 -0.11713 2.32445 3.41255 5.85982 1.48290 8.77080 16.11353
2.70000 0.36140 -0.12841 2.35837 3.37050 5.72601 1.49448 9.22578 16.44626
2.71000 0.36006 -0.13922 2.39185 3.32520 5.58392 1.50461 9.68618 16.77471
2.72000 0.35862 -0.14958 2.42486 3.27670 5.43416 1.51329 10.15111 17.09856
2.73000 0.35707 -0.15954 2.45737 3.22505 5.27734 1.52053 10.61963 17.41750
2.74000 0.35543 -0.16912 2.48935 3.17032 5.11409 1.52632 11.09080 17.73122
2.75000 0.35369 -0.17836 2.52077 3.11256 4.94511 1.53066 11.56365 18.03942
2.76000 0.35186 -0.18728 2.55159 3.05185 4.77107 1.53357 12.03717 18.34181
2.77000 0.34994 -0.19591 2.58179 2.98824 4.59270 1.53504 12.51035 18.63810
2.78000 0.34794 -0.20427 2.61135 2.92180 4.41074 1.53508 12.98218 18.92801
2.79000 0.34586 -0.21239 2.64022 2.85262 4.22594 1.53371 13.45161 19.21126
2.80000 0.34369 -0.22029 2.66839 2.78075 4.03906 1.53093 13.91762 19.48760
2.81000 0.34145 -0.22800 2.69583 2.70628 3.85086 1.52676 14.37914 19.75676
2.82000 0.33914 -0.23552 2.72251 2.62929 3.66214 1.52121 14.83514 20.01849
2.83000 0.33674 -0.24288 2.74840 2.54985 3.47367 1.51429 15.28459 20.27255
2.84000 0.33428 -0.25010 2.77350 2.46806 3.28622 1.50604 15.72643 20.51869
2.85000 0.33174 -0.25719 2.79776 2.38399 3.10059 1.49645 16.15967 20.75671
2.86000 0.32914 -0.26418 2.82117 2.29774 2.91753 1.48557 16.58327 20.98636
2.87000 0.32646 -0.27107 2.84371 2.20939 2.73780 1.47340 16.99625 21.20745
2.88000 0.32371 -0.27788 2.86535 2.11905 2.56217 1.45997 17.39764 21.41978
2.89000 0.32090 -0.28463 2.88608 2.02679 2.39135 1.44531 17.78649 21.62315
2.90000 0.31802 -0.29133 2.90588 1.93272 2.22606 1.42944 18.16188 21.81738
2.91000 0.31507 -0.29800 2.92473 1.83694 2.06699 1.41240 18.52291 22.00229
2.92000 0.31206 -0.30464 2.94261 1.73955 1.91481 1.39420 18.86872 22.17773
2.93000 0.30898 -0.31127 2.95951 1.64064 1.77016 1.37489 19.19849 22.34354
2.94000 0.30584 -0.31790 2.97542 1.54032 1.63365 1.35449 19.51143 22.49958
2.95000 0.30262 -0.32455 2.99032 1.43870 1.50586 1.33305 19.80681 22.64571
2.96000 0.29935 -0.33121 3.00419 1.33588 1.38732 1.31059 20.08390 22.78181
2.97000 0.29600 -0.33792 3.01703 1.23196 1.27856 1.28715 20.34207 22.90777
2.98000 0.29259 -0.34467 3.02883 1.12707 1.18004 1.26276 20.58069 23.02349
2.99000 0.28911 -0.35147 3.03957 1.02129 1.09218 1.23748 20.79921 23.12887
3.00000 0.28556 -0.35835 3.04925 0.91476 1.01538 1.21134 20.99713 23.22384
3.01000 0.28194 -0.36530 3.05786 0.80757 0.94998 1.18437 21.17398 23.30833
3.02000 0.27825 -0.37234 3.06540 0.69984 0.89627 1.15663 21.32937 23.38227
3.03000 0.27449 -0.37949 3.07186 0.59168 0.85450 1.12816 21.46296 23.44562
3.04000 0.27066 -0.38674 3.07723 0.48320 0.82489 1.09900 21.57446 23.49835
3.05000 0.26676 -0.39411 3.08152 0.37453 0.80758 1.06920 21.66364 23.54042
3.06000 0.26278 -0.40161 3.08472 0.26577 0.80269 1.03880 21.73034 23.57183
3.07000 0.25872 -0.40925 3.08684 0.15704 0.81027 1.00786 21.77443 23.59257
3.08000 0.25459 -0.41704 3.08786 0.04845 0.83034 0.97643 21.79587 23.60264
3.09000 0.25038 -0.42499 3.08781 -0.05988 0.86285 0.94455 21.79467 23.60208
3.10000 0.24609 -0.43312 3.08667 -0.16783 0.90772 0.91229 21.77090 23.59091
3.11000 0.24172 -0.44142 3.08445 -0.27530 0.96480 0.87968 21.72468 23.56917
3.12000 0.23726 -0.44992 3.08116 -0.38217 1.03392 0.84679 21.65620 23.53691
3.13000 0.23272 -0.45863 3.07681 -0.48832 1.11484 0.81367 21.56570 23.49421
3.14000 0.22809 -0.46754 3.07140 -0.59364 1.20728 0.78037 21.45348 23.44113
3.15000 0.22337 -0.47669 3.06494 -0.69802 1.31091 0.74696 21.31990 23.37777
3.16000 0.21856 -0.48607 3.05744 -0.80134 1.42537 0.71349 21.16535 23.30422
3.17000 0.21365 -0.49570 3.04892 -0.90349 1.55024 0.68002 20.99032 23.22058
3.18000 0.20864 -0.50559 3.03938 -1.00436 1.68508 0.64661 20.79530 23.12699
3.19000 0.20353 -0.51576 3.02884 -1.10384 1.82939 0.61332 20.58086 23.02357
3.20000 0.19832 -0.52621 3.01731 -1.20183 1.98265 0.58021 20.34761 22.91047
3.21000 0.19301 -0.53696 3.00480 -1.29820 2.14429 0.54734 20.09619 22.78783
3.22000 0.18758 -0.54802 2.99135 -1.39287 2.31372 0.51478 19.82732 22.65582
3.23000 0.18205 -0.55940 2.97695 -1.48571 2.49031 0.48259 19.54171 22.51461
3.24000 0.17639 -0.57112 2.96164 -1.57663 2.67341 0.45083 19.24014 22.36438
3.25000 0.17062 -0.58319 2.94543 -1.66553 2.86234 0.41958 18.92343 22.20534
3.26000 0.16473 -0.59563 2.92834 -1.75230 3.05640 0.38888 18.59239 22.03768
3.27000 0.15871 -0.60844 2.91039 -1.83684 3.25487 0.35883 18.24791 21.86161
3.28000 0.15256 -0.62165 2.89161 -1.91906 3.45702 0.32947 17.89088 21.67736
3.29000 0.14628 -0.63526 2.87201 -1.99886 3.66209 0.30088 17.52220 21.48517
3.30000 0.13985 -0.64930 2.85164 -2.07615 3.86933 0.27313 17.14281 21.28527
3.31000 0.13329 -0.66377 2.83050 -2.15083 4.07796 0.24629 16.75366 21.07791
3.32000 0.12658 -0.67869 2.80863 -2.22282 4.28723 0.22042 16.35572 20.86336
3.33000 0.11971 -0.69407 2.78605 -2.29202 4.49634 0.19561 15.94994 20.64189
3.34000 0.11269 -0.70994 2.76280 -2.35836 4.70454 0.17192 15.53731 20.41376
3.35000 0.10551 -0.72631 2.73890 -2.42175 4.91105 0.14942 15.11880 20.17927
3.36000 0.09817 -0.74318 2.71437 -2.48211 5.11512 0.12820 14.69540 19.93871
3.37000 0.09065 -0.76058 2.68926 -2.53936 5.31600 0.10831 14.26807 19.69239
3.38000 0.08295 -0.77852 2.66360 -2.59343 5.51296 0.08985 13.83779 19.44060
3.39000 0.07507 -0.79701 2.63741 -2.64424 5.70528 0.07288 13.40550 19.18366
3.40000 0.06701 -0.81606 2.61072 -2.69173 5.89227 0.05748 12.97216 18.92190
3.41000 0.05875 -0.83570 2.58358 -2.73583 6.07324 0.04373 12.53868 18.65565
3.42000 0.05029 -0.85592 2.55602 -2.77648 6.24757 0.03171 12.10597 18.38525
3.43000 0.04163 -0.87675 2.52807 -2.81362 6.41462 0.02149 11.67492 18.11102
3.44000 0.03276 -0.89819 2.49976 -2.84718 6.57380 0.01316 11.24638 17.83333
3.45000 0.02366 -0.92024 2.47113 -2.87712 6.72456 0.00679 10.82117 17.55252
3.46000 0.01435 -0.94293 2.44223 -2.90339 6.86638 0.00247 10.40011 17.26896
3.47000 0.00480 -0.96624 2.41308 -2.92595 6.99877 0.00027 9.98395 16.98300
3.48000 -0.00498 -0.99018 2.38372 -2.94474 7.12129 0.00029 9.57343 16.69501
3.49000 -0.01500 -1.01476 2.35420 -2.95974 7.23353 0.00260 9.16924 16.40537
3.50000 -0.02527 -1.03996 2.32454 -2.97091 7.33513 0.00728 8.77203 16.11444
3.51000 -0.03580 -1.06579 2.29479 -2.97822 7.42576 0.01443 8.38242 15.82260
3.52000 -0.04659 -1.09222 2.26499 -2.98165 7.50515 0.02411 8.00098 15.53024
3.53000 -0.05765 -1.11926 2.23517 -2.98118 7.57307 0.03643 7.62824 15.23773
3.54000 -0.06898 -1.14687 2.20538 -2.97681 7.62933 0.05145 7.26468 14.94546
3.55000 -0.08059 -1.17504 2.17565 -2.96851 7.67380 0.06927 6.91074 14.65381
3.56000 -0.09248 -1.20373 2.14602 -2.95629 7.70638 0.08997 6.56682 14.36316
3.57000 -0.10466 -1.23291 2.11653 -2.94017 7.72703 0.11362 6.23325 14.07391
3.58000 -0.11714 -1.26254 2.08723 -2.92013 7.73576 0.14032 5.91035 13.78643
3.59000 -0.12992 -1.29256 2.05815 -2.89622 7.73260 0.17015 5.59836 13.50111
3.60000 -0.14299 -1.32292 2.02932 -2.86846 7.71765 0.20318 5.29748 13.21832
3.61000 -0.15638 -1.35356 2.00079 -2.83687 7.69105 0.23949 5.00789 12.93844
3.62000 -0.17007 -1.38439 1.97259 -2.80151 7.65299 0.27917 4.72969 12.66185
3.63000 -0.18406 -1.41534 1.94477 -2.76243 7.60367 0.32227 4.46296 12.38891
3.64000 -0.19837 -1.44631 1.91736 -2.71969 7.54338 0.36888 4.20772 12.11998
3.65000 -0.21299 -1.47720 1.89039 -2.67336 7.47240 0.41905 3.96397 11.85542
3.66000 -0.22792 -1.50789 1.86390 -2.62353 7.39109 0.47286 3.73163 11.59558
3.67000 -0.24315 -1.53827 1.83793 -2.57028 7.29981 0.53035 3.51063 11.34080
3.68000 -0.25868 -1.56820 1.81251 -2.51374 7.19897 0.59159 3.30084 11.09140
3.69000 -0.27451 -1.59753 1.78767 -2.45401 7.08900 0.65661 3.10209 10.84770
3.70000 -0.29063 -1.62611 1.76344 -2.39122 6.97038 0.72546 2.91418 10.61002
3.71000 -0.30703 -1.65379 1.73985 -2.32551 6.84358 0.79817 2.73690 10.37864
3.72000 -0.32370 -1.68039 1.71694 -2.25705 6.70911 0.87475 2.56999 10.15385
3.73000 -0.34063 -1.70574 1.69472 -2.18598 6.56750 0.95522 2.41317 9.93590
3.74000 -0.35781 -1.72966 1.67322 -2.11251 6.41929 1.03959 2.26616 9.72504
3.75000 -0.37522 -1.75197 1.65248 -2.03680 6.26504 1.12783 2.12863 9.52149
3.76000 -0.39284 -1.77247 1.63250 -1.95908 6.10529 1.21994 2.00025 9.32548
3.77000 -0.41066 -1.79098 1.61330 -1.87955 5.94062 1.31587 1.88069 9.13718
3.78000 -0.42866 -1.80732 1.59491 -1.79843 5.77160 1.41557 1.76959 8.95677
3.79000 -0.44680 -1.82131 1.57734 -1.71597 5.59880 1.51899 1.66659 8.78437
3.80000 -0.46507 -1.83277 1.56059 -1.63240 5.42276 1.62604 1.57133 8.62013
3.81000 -0.48345 -1.84155 1.54469 -1.54797 5.24406 1.73662 1.48344 8.46413
3.82000 -0.50190 -1.84750 1.52964 -1.46293 5.06324 1.85062 1.40258 8.31644
3.83000 -0.52039 -1.85048 1.51543 -1.37756 4.88083 1.96792 1.32836 8.17711
3.84000 -0.53889 -1.85038 1.50209 -1.29209 4.69735 2.08836 1.26045 8.04616
3.85000 -0.55738 -1.84709 1.48959 -1.20681 4.51331 2.21179 1.19850 7.92359
3.86000 -0.57583 -1.84054 1.47795 -1.12195 4.32919 2.33801 1.14217 7.80937
3.87000 -0.59418 -1.83067 1.46715 -1.03779 4.14546 2.46684 1.09115 7.70345
3.88000 -0.61243 -1.81746 1.45719 -0.95455 3.96257 2.59805 1.04511 7.60573
3.89000 -0.63052 -1.80090 1.44806 -0.87249 3.78093 2.73142 1.00377 7.51612
3.90000 -0.64843 -1.78099 1.43973 -0.79184 3.60096 2.86671 0.96683 7.43450
3.91000 -0.66613 -1.75779 1.43221 -0.71280 3.42303 3.00364 0.93404 7.36071
3.92000 -0.68358 -1.73136 1.42547 -0.63558 3.24751 3.14194 0.90514 7.29459
3.93000 -0.70075 -1.70178 1.41949 -0.56038 3.07472 3.28134 0.87988 7.23595
3.94000 -0.71761 -1.66915 1.41426 -0.48735 2.90499 3.42154 0.85805 7.18457
3.95000 -0.73412 -1.63360 1.40974 -0.41666 2.73860 3.56222 0.83943 7.14025
3.96000 -0.75027 -1.59527 1.40592 -0.34843 2.57583 3.70308 0.82384 7.10274
3.97000 -0.76602 -1.55432 1.40276 -0.28280 2.41692 3.84379 0.81109 7.07180
3.98000 -0.78135 -1.51090 1.40025 -0.21984 2.26212 3.98404 0.80101 7.04717
3.99000 -0.79623 -1.46519 1.39836 -0.15964 2.11165 4.12349 0.79344 7.02858
4.00000 -0.81064 -1.41737 1.39705 -0.10226 1.96569 4.26182 0.78824 7.01576
4.01000 -0.82457 -1.36762 1.39630 -0.04774 1.82444 4.39870 0.78528 7.00842
4.02000 -0.83799 -1.31613 1.39609 0.00390 1.68807 4.53381 0.78442 7.00630
4.03000 -0.85089 -1.26307 1.39637 0.05266 1.55674 4.66681 0.78555 7.00909
4.04000 -0.86325 -1.20864 1.39713 0.09854 1.43058 4.79740 0.78856 7.01653
4.05000 -0.87506 -1.15300 1.39833 0.14159 1.30974 4.92526 0.79334 7.02833
4.06000 -0.88630 -1.09633 1.39995 0.18183 1.19434 5.05008 0.79980 7.04422
4.07000 -0.89698 -1.03878 1.40196 0.21932 1.08449 5.17157 0.80786 7.06392
4.08000 -0.90708 -0.98051 1.40433 0.25414 0.98031 5.28945 0.81741 7.08716
4.09000 -0.91659 -0.92168 1.40703 0.28636 0.88188 5.40343 0.82838 7.11370
4.10000 -0.92551 -0.86240 1.41005 0.31606 0.78931 5.51326 0.84069 7.14326
4.11000 -0.93383 -0.80282 1.41335 0.34336 0.70267 5.61868 0.85428 7.17563
4.12000 -0.94156 -0.74304 1.41691 0.36834 0.62205 5.71945 0.86906 7.21056
4.13000 -0.94869 -0.68318 1.42071 0.39113 0.54751 5.81534 0.88497 7.24782
4.14000 -0.95523 -0.62332 1.42472 0.41183 0.47913 5.90615 0.90194 7.28723
4.15000 -0.96116 -0.56356 1.42894 0.43058 0.41695 5.99168 0.91993 7.32856
4.16000 -0.96650 -0.50398 1.43333 0.44750 0.36104 6.07174 0.93887 7.37165
4.17000 -0.97124 -0.44465 1.43788 0.46272 0.31144 6.14617 0.95870 7.41631
4.18000 -0.97539 -0.38563 1.44258 0.47637 0.26820 6.21481 0.97937 7.46238
4.19000 -0.97896 -0.32697 1.44740 0.48858 0.23134 6.27754 1.00085 7.50972
4.20000 -0.98193 -0.26873 1.45234 0.49949 0.20091 6.33422 1.02308 7.55820
4.21000 -0.98433 -0.21095 1.45739 0.50922 0.17691 6.38475 1.04602 7.60768
4.22000 -0.98615 -0.15366 1.46253 0.51793 0.15938 6.42905 1.06965 7.65807
4.23000 -0.98741 -0.09691 1.46774 0.52574 0.14832 6.46703 1.09392 7.70927
4.24000 -0.98809 -0.04072 1.47304 0.53278 0.14373 6.49865 1.11882 7.76120
4.25000 -0.98822 0.01488 1.47840 0.53919 0.14560 6.52386 1.14432 7.81378
4.26000 -0.98780 0.06988 1.48382 0.54509 0.15394 6.54263 1.17041 7.86697
4.27000 -0.98683 0.12423 1.48930 0.55063 0.16871 6.55494 1.19707 7.92072
4.28000 -0.98532 0.17794 1.49483 0.55591 0.18989 6.56081 1.22429 7.97500
4.29000 -0.98327 0.23097 1.50042 0.56107 0.21745 6.56025 1.25208 8.02978
4.30000 -0.98070 0.28332 1.50605 0.56622 0.25133 6.55330 1.28045 8.08508
4.31000 -0.97761 0.33495 1.51174 0.57149 0.29150 6.53999 1.30939 8.14088
4.32000 -0.97400 0.38586 1.51748 0.57698 0.33788 6.52039 1.33894 8.19721
4.33000 -0.96989 0.43602 1.52328 0.58281 0.39040 6.49458 1.36912 8.25410
4.34000 -0.96528 0.48542 1.52914 0.58908 0.44899 6.46263 1.39995 8.31157
4.35000 -0.96019 0.53403 1.53507 0.59589 0.51355 6.42466 1.43147 8.36969
4.36000 -0.95461 0.58183 1.54106 0.60335 0.58399 6.38078 1.46373 8.42851
4.37000 -0.94855 0.62881 1.54713 0.61153 0.66021 6.33110 1.49678 8.48809
4.38000 -0.94203 0.67493 1.55329 0.62054 0.74207 6.27578 1.53067 8.54852
4.39000 -0.93506 0.72017 1.55955 0.63045 0.82945 6.21495 1.56547 8.60987
4.40000 -0.92763 0.76450 1.56591 0.64133 0.92222 6.14877 1.60125 8.67224
4.41000 -0.91977 0.80790 1.57238 0.65326 1.02023 6.07742 1.63808 8.73573
4.42000 -0.91148 0.85032 1.57898 0.66630 1.12331 6.00107 1.67606 8.80045
4.43000 -0.90277 0.89175 1.58571 0.68050 1.23131 5.91992 1.71527 8.86650
4.44000 -0.89365 0.93214 1.59259 0.69592 1.34404 5.83415 1.75581 8.93400
4.45000 -0.88413 0.97146 1.59963 0.71261 1.46132 5.74398 1.79779 9.00308
4.46000 -0.87422 1.00967 1.60685 0.73059 1.58294 5.64961 1.84131 9.07386
4.47000 -0.86394 1.04674 1.61425 0.74989 1.70870 5.55127 1.88650 9.14646
4.48000 -0.85329 1.08263 1.62185 0.77054 1.83838 5.44917 1.93347 9.22103
4.49000 -0.84229 1.11730 1.62966 0.79254 1.97176 5.34356 1.98237 9.29769
4.50000 -0.83095 1.15072 1.63770 0.81591 2.10858 5.23466 2.03333 9.37657
4.51000 -0.81928 1.18284 1.64599 0.84064 2.24862 5.12271 2.08648 9.45782
4.52000 -0.80730 1.21363 1.65452 0.86672 2.39160 5.00797 2.14199 9.54155
4.53000 -0.79501 1.24306 1.66332 0.89414 2.53726 4.89066 2.19999 9.62791
4.54000 -0.78244 1.27110 1.67241 0.92285 2.68533 4.77103 2.26066 9.71702
4.55000 -0.76959 1.29771 1.68179 0.95283 2.83551 4.64935 2.32416 9.80901
4.56000 -0.75649 1.32286 1.69147 0.98403 2.98753 4.52584 2.39064 9.90401
4.57000 -0.74314 1.34653 1.70147 1.01640 3.14106 4.40076 2.46030 10.00212
4.58000 -0.72957 1.36870 1.71180 1.04988 3.29581 4.27436 2.53330 10.10346
4.59000 -0.71577 1.38934 1.72247 1.08441 3.45145 4.14687 2.60982 10.20814
4.60000 -0.70178 1.40845 1.73349 1.11991 3.60766 4.01855 2.69005 10.31625
4.61000 -0.68761 1.42601 1.74487 1.15630 3.76410 3.88962 2.77417 10.42790
4.62000 -0.67327 1.44202 1.75662 1.19349 3.92045 3.76033 2.86237 10.54315
4.63000 -0.65877 1.45647 1.76874 1.23138 4.07634 3.63090 2.95484 10.66208
4.64000 -0.64414 1.46936 1.78125 1.26989 4.23145 3.50156 3.05176 10.78476
4.65000 -0.62939 1.48071 1.79414 1.30890 4.38541 3.37252 3.15332 10.91125
4.66000 -0.61454 1.49053 1.80743 1.34830 4.53786 3.24401 3.25971 11.04158
4.67000 -0.59959 1.49883 1.82111 1.38799 4.68845 3.11623 3.37111 11.17580
4.68000 -0.58456 1.50564 1.83519 1.42784 4.83683 2.98938 3.48771 11.31391
4.69000 -0.56948 1.51098 1.84967 1.46774 4.98262 2.86364 3.60967 11.45594
4.70000 -0.55435 1.51489 1.86454 1.50756 5.12548 2.73922 3.73718 11.60188
4.71000 -0.53919 1.51739 1.87982 1.54718 5.26503 2.61628 3.87040 11.75172
4.72000 -0.52401 1.51853 1.89549 1.58648 5.40094 2.49500 4.00948 11.90543
4.73000 -0.50882 1.51836 1.91155 1.62534 5.53285 2.37553 4.15458 12.06297
4.74000 -0.49364 1.51691 1.92799 1.66362 5.66042 2.25804 4.30584 12.22430
4.75000 -0.47849 1.51424 1.94482 1.70120 5.78330 2.14266 4.46339 12.38935
4.76000 -0.46336 1.51040 1.96201 1.73796 5.90117 2.02953 4.62734 12.55805
4.77000 -0.44828 1.50543 1.97957 1.77379 6.01371 1.91879 4.79781 12.73031
4.78000 -0.43326 1.49941 1.99748 1.80855 6.12061 1.81054 4.97488 12.90603
4.79000 -0.41830 1.49239 2.01574 1.84214 6.22157 1.70490 5.15863 13.08510
4.80000 -0.40341 1.48442 2.03432 1.87444 6.31631 1.60198 5.34912 13.26741
4.81000 -0.38861 1.47556 2.05322 1.90534 6.40455 1.50187 5.54640 13.45282
4.82000 -0.37390 1.46587 2.07243 1.93474 6.48606 1.40466 5.75048 13.64119
4.83000 -0.35930 1.45542 2.09191 1.96253 6.56058 1.31042 5.96137 13.83237
4.84000 -0.34480 1.44425 2.11167 1.98862 6.62790 1.21923 6.17905 14.02619
4.85000 -0.33041 1.43244 2.13168 2.01291 6.68783 1.13115 6.40349 14.22248
4.86000 -0.31615 1.42003 2.15192 2.03532 6.74019 1.04624 6.63462 14.42106
4.87000 -0.30201 1.40708 2.17238 2.05576 6.78482 0.96455 6.87237 14.62174
4.88000 -0.28801 1.39365 2.19303 2.07416 6.82159 0.88613 7.11661 14.82433
4.89000 -0.27414 1.37978 2.21386 2.09044 6.85040 0.81100 7.36723 15.02862
4.90000 -0.26042 1.36554 2.23483 2.10454 6.87115 0.73920 7.62405 15.23441
4.91000 -0.24683 1.35097 2.25594 2.11639 6.88379 0.67076 7.88691 15.44146
4.92000 -0.23340 1.33611 2.27715 2.12593 6.88828 0.60569 8.15559 15.64957
4.93000 -0.22011 1.32102 2.29845 2.13312 6.88463 0.54401 8.42986 15.85849
4.94000 -0.20698 1.30572 2.31981 2.13791 6.87283 0.48572 8.70945 16.06801
4.95000 -0.19400 1.29028 2.34120 2.14026 6.85295 0.43083 8.99408 16.27787
4.96000 -0.18117 1.27471 2.36260 2.14014 6.82506 0.37934 9.28344 16.48784
4.97000 -0.16850 1.25906 2.38399 2.13750 6.78925 0.33124 9.57720 16.69768
4.98000 -0.15599 1.24337 2.40535 2.13233 6.74565 0.28651 9.87498 16.90714
4.99000 -0.14364 1.22766 2.42663 2.12462 6.69442 0.24515 10.17640 17.11596
5.00000 -0.13144 1.21196 2.44783 2.11433 6.63573 0.20713 10.48105 17.32390
5.01000 -0.11940 1.19630 2.46891 2.10146 6.56979 0.17243 10.78849 17.53071
5.02000 -0.10751 1.18070 2.48985 2.08601 6.49684 0.14103 11.09826 17.73613
5.03000 -0.09578 1.16519 2.51062 2.06798 6.41712 0.11289 11.40989 17.93990
5.04000 -0.08421 1.14979 2.53120 2.04736 6.33091 0.08799 11.72288 18.14178
5.05000 -0.07279 1.13452 2.55156 2.02417 6.23853 0.06628 12.03670 18.34151
5.06000 -0.06152 1.11939 2.57168 1.99842 6.14030 0.04772 12.35082 18.53884
5.07000 -0.05040 1.10442 2.59152 1.97012 6.03655 0.03228 12.66469 18.73352
5.08000 -0.03943 1.08962 2.61107 1.93929 5.92766 0.01991 12.97773 18.92530
5.09000 -0.02861 1.07501 2.63030 1.90596 5.81401 0.01056 13.28936 19.11393
5.10000 -0.01793 1.06060 2.64918 1.87016 5.69600 0.00418 13.59899 19.29916
5.11000 -0.00739 1.04639 2.66769 1.83191 5.57405 0.00072 13.90600 19.48077
5.12000 0.00300 1.03240 2.68581 1.79125 5.44860 0.00012 14.20979 19.65851
5.13000 0.01326 1.01863 2.70351 1.74821 5.32007 0.00233 14.50973 19.83214
5.14000 0.02337 1.00509 2.72077 1.70285 5.18894 0.00729 14.80520 20.00143
5.15000 0.03336 0.99179 2.73756 1.65519 5.05566 0.01494 15.09556 20.16616
5.16000 0.04321 0.97872 2.75386 1.60530 4.92070 0.02522 15.38019 20.32610
5.17000 0.05293 0.96589 2.76966 1.55321 4.78454 0.03806 15.65845 20.48105
5.18000 0.06253 0.95331 2.78492 1.49899 4.64767 0.05339 15.92971 20.63077
5.19000 0.07200 0.94096 2.79963 1.44268 4.51057 0.07116 16.19335 20.77508
5.20000 0.08135 0.92887 2.81377 1.38435 4.37371 0.09128 16.44876 20.91376
5.21000 0.09058 0.91702 2.82731 1.32405 4.23759 0.11370 16.69533 21.04662
5.22000 0.09969 0.90541 2.84024 1.26185 4.10268 0.13834 16.93246 21.17348
5.23000 0.10869 0.89405 2.85254 1.19782 3.96946 0.16512 17.15956 21.29414
5.24000 0.11757 0.88293 2.86419 1.13201 3.83838 0.19398 17.37607 21.40843
5.25000 0.12635 0.87206 2.87518 1.06451 3.70991 0.22483 17.58144 21.51619
5.26000 0.13501 0.86142 2.88548 0.99537 3.58450 0.25761 17.77513 21.61724
5.27000 0.14358 0.85102 2.89508 0.92467 3.46258 0.29223 17.95662 21.71143
5.28000 0.15204 0.84085 2.90397 0.85249 3.34456 0.32861 18.12543 21.79861
5.29000 0.16039 0.83091 2.91212 0.77890 3.23086 0.36669 18.28109 21.87864
5.30000 0.16865 0.82120 2.91954 0.70399 3.12186 0.40637 18.42316 21.95138
5.31000 0.17682 0.81171 2.92620 0.62782 3.01792 0.44758 18.55122 22.01672
5.32000 0.18489 0.80244 2.93209 0.55047 2.91939 0.49023 18.66490 22.07452
5.33000 0.19287 0.79338 2.93721 0.47204 2.82661 0.53426 18.76382 22.12469
5.34000 0.20076 0.78453 2.94153 0.39260 2.73986 0.57956 18.84768 22.16711
5.35000 0.20856 0.77589 2.94505 0.31223 2.65944 0.62606 18.91618 22.20168
5.36000 0.21628 0.76745 2.94777 0.23102 2.58559 0.67369 18.96907 22.22834
5.37000 0.22391 0.75920 2.94967 0.14906 2.51854 0.72234 19.00611 22.24699
5.38000 0.23146 0.75114 2.95075 0.06642 2.45848 0.77195 19.02713 22.25756
5.39000 0.23893 0.74327 2.95100 -0.01680 2.40560 0.82242 19.03198 22.26000
5.40000 0.24633 0.73557 2.95041 -0.10052 2.36003 0.87367 19.02055 22.25425
5.41000 0.25364 0.72805 2.94899 -0.18465 2.32189 0.92562 18.99275 22.24027
5.42000 0.26089 0.72070 2.94672 -0.26910 2.29126 0.97819 18.94857 22.21801
5.43000 0.26806 0.71351 2.94360 -0.35379 2.26819 1.03128 18.88799 22.18746
5.44000 0.27516 0.70647 2.93964 -0.43863 2.25271 1.08482 18.81106 22.14859
5.45000 0.28219 0.69959 2.93483 -0.52352 2.24481 1.13873 18.71787 22.10140
5.46000 0.28915 0.69285 2.92917 -0.60840 2.24445 1.19291 18.60852 22.04588
5.47000 0.29605 0.68624 2.92266 -0.69315 2.25157 1.24728 18.48319 21.98204
5.48000 0.30288 0.67977 2.91531 -0.77771 2.26607 1.30177 18.34205 21.90989
5.49000 0.30964 0.67342 2.90711 -0.86197 2.28782 1.35628 18.18536 21.82946
5.50000 0.31635 0.66719 2.89807 -0.94586 2.31667 1.41074 18.01337 21.74078
5.51000 0.32299 0.66107 2.88820 -1.02929 2.35243 1.46506 17.82640 21.64390
5.52000 0.32957 0.65505 2.87749 -1.11218 2.39489 1.51917 17.62479 21.53885
5.53000 0.33609 0.64913 2.86595 -1.19443 2.44381 1.57298 17.40892 21.42571
5.54000 0.34255 0.64329 2.85360 -1.27596 2.49893 1.62641 17.17919 21.30453
5.55000 0.34895 0.63754 2.84044 -1.35670 2.55996 1.67938 16.93604 21.17539
5.56000 0.35530 0.63185 2.82647 -1.43656 2.62659 1.73182 16.67996 21.03837
5.57000 0.36159 0.62623 2.81171 -1.51545 2.69847 1.78365 16.41145 20.89357
5.58000 0.36783 0.62066 2.79616 -1.59331 2.77526 1.83478 16.13103 20.74107
5.59000 0.37400 0.61514 2.77985 -1.67004 2.85658 1.88515 15.83927 20.58100
5.60000 0.38013 0.60966 2.76277 -1.74558 2.94202 1.93468 15.53675 20.41345
5.61000 0.38620 0.60420 2.74494 -1.81984 3.03119 1.98330 15.22407 20.23856
5.62000 0.39221 0.59875 2.72638 -1.89275 3.12366 2.03092 14.90186 20.05644
5.63000 0.39817 0.59331 2.70709 -1.96424 3.21898 2.07750 14.57077 19.86725
5.64000 0.40408 0.58787 2.68710 -2.03423 3.31671 2.12294 14.23146 19.67111
5.65000 0.40993 0.58240 2.66641 -2.10266 3.41639 2.16719 13.88461 19.46818
5.66000 0.41573 0.57691 2.64505 -2.16946 3.51754 2.21017 13.53091 19.25862
5.67000 0.42147 0.57137 2.62303 -2.23456 3.61970 2.25182 13.17107 19.04259
5.68000 0.42715 0.56577 2.60036 -2.29789 3.72238 2.29208 12.80580 18.82026
5.69000 0.43278 0.56011 2.57707 -2.35939 3.82511 2.33087 12.43582 18.59180
5.70000 0.43836 0.55435 2.55318 -2.41900 3.92740 2.36815 12.06186 18.35741
5.71000 0.44387 0.54849 2.52870 -2.47666 4.02878 2.40385 11.68463 18.11726
5.72000 0.44933 0.54251 2.50365 -2.53232 4.12877 2.43790 11.30488 17.87155
5.73000 0.45472 0.53640 2.47806 -2.58591 4.22689 2.47026 10.92333 17.62048
5.74000 0.46005 0.53012 2.45194 -2.63739 4.32270 2.50087 10.54069 17.36426
5.75000 0.46532 0.52367 2.42532 -2.68670 4.41573 2.52968 10.15770 17.10310
5.76000 0.47053 0.51702 2.39822 -2.73380 4.50554 2.55662 9.77505 16.83720
5.77000 0.47566 0.51015 2.37065 -2.77863 4.59170 2.58166 9.39344 16.56680
5.78000 0.48073 0.50303 2.34265 -2.82116 4.67380 2.60475 9.01357 16.29211
5.79000 0.48572 0.49564 2.31424 -2.86133 4.75145 2.62583 8.63610 16.01337
5.80000 0.49064 0.48795 2.28543 -2.89911 4.82425 2.64486 8.26169 15.73080
5.81000 0.49548 0.47994 2.25626 -2.93447 4.89185 2.66181 7.89098 15.44464
5.82000 0.50024 0.47157 2.22675 -2.96735 4.95391 2.67662 7.52460 15.15514
5.83000 0.50491 0.46280 2.19692 -2.99774 5.01012 2.68927 7.16314 14.86253
5.84000 0.50949 0.45362 2.16681 -3.02560 5.06017 2.69972 6.80717 14.56706
5.85000 0.51398 0.44396 2.13642 -3.05090 5.10380 2.70792 6.45726 14.26899
5.86000 0.51837 0.43381 2.10580 -3.07360 5.14078 2.71386 6.11392 13.96856
5.87000 0.52265 0.42311 2.07496 -3.09370 5.17087 2.71750 5.77767 13.66603
5.88000 0.52683 0.41183 2.04393 -3.11115 5.19390 2.71880 5.44896 13.36166
5.89000 0.53089 0.39991 2.01274 -3.12595 5.20971 2.71776 5.12824 13.05571
5.90000 0.53483 0.38730 1.98142 -3.13806 5.21817 2.71433 4.81594 12.74844
5.91000 0.53863 0.37396 1.94999 -3.14748 5.21918 2.70852 4.51241 12.44011
5.92000 0.54230 0.35981 1.91848 -3.15418 5.21268 2.70028 4.21803 12.13099
5.93000 0.54583 0.34482 1.88692 -3.15815 5.19863 2.68962 3.93310 11.82135
5.94000 0.54920 0.32890 1.85533 -3.15938 5.17702 2.67652 3.65792 11.51145
5.95000 0.55240 0.31199 1.82374 -3.15785 5.14789 2.66096 3.39272 11.20157
5.96000 0.55543 0.29403 1.79218 -3.15355 5.11130 2.64294 3.13774 10.89197
5.97000 0.55828 0.27494 1.76068 -3.14648 5.06733 2.62246 2.89314 10.58294
5.98000 0.56093 0.25463 1.72926 -3.13661 5.01611 2.59952 2.65909 10.27473
5.99000 0.56337 0.23303 1.69795 -3.12395 4.95781 2.57412 2.43569 9.96762
6.00000 0.56558 0.21004 1.66679 -3.10848 4.89260 2.54626 2.22304 9.66190
6.01000 0.56756 0.18558 1.63579 -3.09019 4.82071 2.51596 2.02116 9.35783
6.02000 0.56929 0.15955 1.60499 -3.06907 4.74238 2.48323 1.83009 9.05570
6.03000 0.57075 0.13186 1.57442 -3.04511 4.65789 2.44808 1.64980 8.75577
6.04000 0.57192 0.10239 1.54410 -3.01830 4.56756 2.41055 1.48023 8.45834
6.05000 0.57279 0.07106 1.51406 -2.98862 4.47172 2.37064 1.32131 8.16368
6.06000 0.57333 0.03774 1.48434 -2.95607 4.37074 2.32841 1.17292 7.87207
6.07000 0.57354 0.00233 1.45495 -2.92062 4.26500 2.28388 1.03491 7.58379
6.08000 0.57337 -0.03528 1.42594 -2.88225 4.15494 2.23709 0.90711 7.29914
6.09000 0.57282 -0.07520 1.39732 -2.84094 4.04098 2.18810 0.78931 7.01839
6.10000 0.57186 -0.11754 1.36913 -2.79666 3.92360 2.13696 0.68128 6.74184
6.11000 0.57046 -0.16240 1.34139 -2.74939 3.80330 2.08373 0.58275 6.46978
6.12000 0.56860 -0.20987 1.31415 -2.69909 3.68057 2.02849 0.49345 6.20251
6.13000 0.56626 -0.26006 1.28742 -2.64572 3.55596 1.97130 0.41306 5.94032
6.14000 0.56339 -0.31303 1.26125 -2.58924 3.43002 1.91226 0.34125 5.68352
6.15000 0.55999 -0.36886 1.23565 -2.52960 3.30332 1.85145 0.27765 5.43242
6.16000 0.55601 -0.42759 1.21066 -2.46676 3.17644 1.78899 0.22190 5.18732
6.17000 0.55143 -0.48925 1.18632 -2.40064 3.04998 1.72498 0.17358 4.94855
6.18000 0.54621 -0.55383 1.16266 -2.33120 2.92457 1.65956 0.13230 4.71642
6.19000 0.54034 -0.62131 1.13971 -2.25837 2.80083 1.59285 0.09760 4.49128
6.20000 0.53378 -0.69161 1.11751 -2.18207 2.67939 1.52501 0.06904 4.27344
6.21000 0.52650 -0.76461 1.09608 -2.10225 2.56091 1.45620 0.04616 4.06327
6.22000 0.51848 -0.84015 1.07547 -2.01882 2.44603 1.38659 0.02848 3.86110
6.23000 0.50969 -0.91801 1.05572 -1.93172 2.33542 1.31635 0.01552 3.66730
6.24000 0.50011 -0.99791 1.03685 -1.84089 2.22972 1.24571 0.00679 3.48222
6.25000 0.48972 -1.07949 1.01891 -1.74625 2.12960 1.17485 0.00179 3.30624
6.26000 0.47852 -1.16234 1.00194 -1.64777 2.03571 1.10400 0.00002 3.13973
6.27000 0.46647 -1.24594 0.98597 -1.54540 1.94869 1.03340 0.00098 2.98307
6.28000 0.45360 -1.32974 0.97104 -1.43911 1.86917 0.96329 0.00419 2.83665
6.29000 0.43988 -1.41308 0.95720 -1.32891 1.79777 0.89392 0.00916 2.70085
6.30000 0.42534 -1.49525 0.94448 -1.21481 1.73508 0.82555 0.01541 2.57605
6.31000 0.40998 -1.57546 0.93292 -1.09687 1.68168 0.75844 0.02250 2.46263
6.32000 0.39384 -1.65289 0.92255 -0.97518 1.63811 0.69286 0.02999 2.36096
6.33000 0.37694 -1.72666 0.91343 -0.84984 1.60487 0.62908 0.03747 2.27142
6.34000 0.35932 -1.79591 0.90557 -0.72103 1.58241 0.56734 0.04459 2.19434
6.35000 0.34104 -1.85976 0.89902 -0.58895 1.57115 0.50792 0.05099 2.13006
6.36000 0.32215 -1.91737 0.89380 -0.45384 1.57144 0.45105 0.05639 2.07888
6.37000 0.30271 -1.96795 0.88995 -0.31599 1.58359 0.39696 0.06056 2.04110
6.38000 0.28281 -2.01082 0.88749 -0.17573 1.60781 0.34586 0.06329 2.01697
6.39000 0.26252 -2.04540 0.88644 -0.03344 1.64427 0.29794 0.06448 2.00669
6.40000 0.24193 -2.07123 0.88683 0.11049 1.69305 0.25337 0.06404 2.01046
6.41000 0.22113 -2.08801 0.88866 0.25562 1.75415 0.21227 0.06199 2.02841
6.42000 0.20020 -2.09561 0.89194 0.40152 1.82748 0.17477 0.05838 2.06064
6.43000 0.17925 -2.09406 0.89669 0.54770 1.91289 0.14094 0.05337 2.10720
6.44000 0.15835 -2.08355 0.90289 0.69372 2.01012 0.11082 0.04715 2.16809
6.45000 0.13761 -2.06443 0.91056 0.83911 2.11885 0.08444 0.04000 2.24328
6.46000 0.11709 -2.03719 0.91967 0.98342 2.23865 0.06178 0.03226 2.33269
6.47000 0.09689 -2.00244 0.93022 1.12623 2.36904 0.04280 0.02434 2.43618
6.48000 0.07707 -1.96086 0.94219 1.26713 2.50945 0.02743 0.01671 2.55359
6.49000 0.05769 -1.91325 0.95556 1.40574 2.65925 0.01559 0.00988 2.68472
6.50000 0.03882 -1.86039 0.97030 1.54174 2.81773 0.00717 0.00441 2.82931
6.51000 0.02050 -1.80313 0.98638 1.67481 2.98415 0.00203 0.00093 2.98711
6.52000 0.00277 -1.74228 1.00378 1.80468 3.15770 0.00004 0.00007 3.15781
6.53000 -0.01434 -1.67863 1.02246 1.93112 3.33752 0.00103 0.00252 3.34108
6.54000 -0.03080 -1.61295 1.04239 2.05392 3.52274 0.00485 0.00899 3.53657
6.55000 -0.04659 -1.54594 1.06353 2.17293 3.71243 0.01132 0.02018 3.74393
6.56000 -0.06171 -1.47822 1.08584 2.28800 3.90565 0.02028 0.03684 3.96277
6.57000 -0.07616 -1.41038 1.10928 2.39901 4.10145 0.03154 0.05971 4.19270
6.58000 -0.08992 -1.34291 1.13380 2.50588 4.29886 0.04494 0.08952 4.43332
6.59000 -0.10302 -1.27625 1.15938 2.60853 4.49691 0.06030 0.12701 4.68422
6.60000 -0.11545 -1.21076 1.18596 2.70692 4.69462 0.07745 0.17291 4.94498
6.61000 -0.12724 -1.14674 1.21350 2.80099 4.89102 0.09623 0.22792 5.21518
6.62000 -0.13839 -1.08444 1.24197 2.89074 5.08516 0.11649 0.29274 5.49439
6.63000 -0.14893 -1.02404 1.27130 2.97613 5.27610 0.13806 0.36803 5.78220
6.64000 -0.15888 -0.96569 1.30147 3.05717 5.46292 0.16081 0.45443 6.07816
6.65000 -0.16825 -0.90948 1.33243 3.13384 5.64473 0.18458 0.55256 6.38187
6.66000 -0.17708 -0.85548 1.36414 3.20615 5.82064 0.20926 0.66298 6.69288
6.67000 -0.18537 -0.80372 1.39654 3.27411 5.98984 0.23471 0.78623 7.01077
6.68000 -0.19316 -0.75421 1.42960 3.33773 6.15150 0.26082 0.92280 7.33512
6.69000 -0.20046 -0.70694 1.46328 3.39701 6.30488 0.28746 1.07315 7.66549
6.70000 -0.20731 -0.66186 1.49753 3.45197 6.44925 0.31454 1.23768 8.00147
6.71000 -0.21371 -0.61893 1.53231 3.50263 6.58392 0.34196 1.41675 8.34263
6.72000 -0.21969 -0.57809 1.56757 3.54899 6.70827 0.36961 1.61067 8.68855
6.73000 -0.22528 -0.53927 1.60327 3.59108 6.82170 0.39741 1.81969 9.03880
6.74000 -0.23048 -0.50241 1.63938 3.62891 6.92369 0.42528 2.04401 9.39298
6.75000 -0.23533 -0.46742 1.67584 3.66250 7.01375 0.45313 2.28377 9.75066
6.76000 -0.23984 -0.43422 1.71261 3.69187 7.09145 0.48089 2.53908 10.11142
6.77000 -0.24402 -0.40274 1.74966 3.71703 7.15642 0.50850 2.80995 10.47486
6.78000 -0.24790 -0.37288 1.78694 3.73800 7.20833 0.53588 3.09636 10.84057
6.79000 -0.25148 -0.34457 1.82441 3.75482 7.24692 0.56298 3.39823 11.20812
6.80000 -0.25479 -0.31773 1.86202 3.76749 7.27200 0.58973 3.71540 11.57713
6.81000 -0.25784 -0.29227 1.89974 3.77605 7.28341 0.61608 4.04768 11.94717
6.82000 -0.26064 -0.26813 1.93753 3.78051 7.28108 0.64198 4.39480 12.31785
6.83000 -0.26321 -0.24522 1.97534 3.78091 7.26496 0.66738 4.75643 12.68877
6.84000 -0.26555 -0.22349 2.01313 3.77727 7.23510 0.69224 5.13219 13.05954
6.85000 -0.26768 -0.20285 2.05087 3.76963 7.19158 0.71651 5.52165 13.42974
6.86000 -0.26961 -0.18325 2.08851 3.75801 7.13455 0.74016 5.92430 13.79901
6.87000 -0.27135 -0.16462 2.12602 3.74245 7.06422 0.76314 6.33958 14.16694
6.88000 -0.27291 -0.14690 2.16335 3.72299 6.98083 0.78542 6.76690 14.53315
6.89000 -0.27429 -0.13004 2.20046 3.69967 6.88472 0.80697 7.20558 14.89726
6.90000 -0.27551 -0.11399 2.23733 3.67252 6.77623 0.82775 7.65491 15.25890
6.91000 -0.27657 -0.09869 2.27390 3.64160 6.65580 0.84774 8.11414 15.61769
6.92000 -0.27749 -0.08409 2.31015 3.60694 6.52389 0.86692 8.58245 15.97326
6.93000 -0.27826 -0.07016 2.34603 3.56861 6.38103 0.88525 9.05897 16.32525
6.94000 -0.27889 -0.05684 2.38151 3.52664 6.22776 0.90271 9.54283 16.67330
6.95000 -0.27940 -0.04410 2.41655 3.48110 6.06470 0.91929 10.03307 17.01706
6.96000 -0.27978 -0.03189 2.45112 3.43204 5.89249 0.93496 10.52873 17.35618
6.97000 -0.28004 -0.02019 2.48518 3.37952 5.71182 0.94970 11.02879 17.69031
6.98000 -0.28018 -0.00896 2.51870 3.32360 5.52341 0.96350 11.53221 18.01913
6.99000 -0.28022 0.00183 2.55164 3.26435 5.32801 0.97635 12.03794 18.34229
7.00000 -0.28015 0.01222 2.58397 3.20184 5.12639 0.98823 12.54487 18.65949
7.01000 -0.27997 0.02223 2.61567 3.13614 4.91938 0.99912 13.05189 18.97039
7.02000 -0.27970 0.03189 2.64669 3.06732 4.70779 1.00903 13.55788 19.27469
7.03000 -0.27934 0.04122 2.67700 2.99546 4.49247 1.01794 14.06169 19.57210
7.04000 -0.27888 0.05026 2.70659 2.92063 4.27430 1.02584 14.56217 19.86231
7.05000 -0.27833 0.05902 2.73541 2.84292 4.05414 1.03273 15.05817 20.14503
7.06000 -0.27770 0.06752 2.76343 2.76242 3.83288 1.03860 15.54851 20.42000
7.07000 -0.27698 0.07579 2.79065 2.67920 3.61143 1.04346 16.03205 20.68693
7.08000 -0.27619 0.08384 2.81701 2.59336 3.39065 1.04729 16.50763 20.94557
7.09000 -0.27531 0.09170 2.84250 2.50499 3.17146 1.05010 16.97410 21.19566
7.10000 -0.27435 0.09938 2.86710 2.41418 2.95473 1.05190 17.43034 21.43697
7.11000 -0.27332 0.10690 2.89078 2.32103 2.74134 1.05267 17.87524 21.66925
7.12000 -0.27221 0.11427 2.91351 2.22564 2.53215 1.05244 18.30770 21.89228
7.13000 -0.27104 0.12152 2.93529 2.12810 2.32801 1.05119 18.72665 22.10585
7.14000 -0.26978 0.12865 2.95607 2.02852 2.12975 1.04894 19.13105 22.30975
7.15000 -0.26846 0.13568 2.97585 1.92700 1.93818 1.04570 19.51990 22.50378
7.16000 -0.26707 0.14263 2.99460 1.82365 1.75406 1.04148 19.89222 22.68777
7.17000 -0.26561 0.14950 3.01232 1.71858 1.57816 1.03628 20.24709 22.86153
7.18000 -0.26408 0.15632 3.02897 1.61189 1.41119 1.03011 20.58360 23.02490
7.19000 -0.26248 0.16308 3.04455 1.50370 1.25382 1.02300 20.90091 23.17773
7.20000 -0.26082 0.16982 3.05904 1.39412 1.10672 1.01495 21.19822 23.31988
7.21000 -0.25909 0.17653 3.07243 1.28326 0.97047 1.00597 21.47478 23.45121
7.22000 -0.25729 0.18323 3.08470 1.17124 0.84564 0.99609 21.72989 23.57162
7.23000 -0.25542 0.18994 3.09585 1.05817 0.73275 0.98532 21.96291 23.68098
7.24000 -0.25349 0.19665 3.10586 0.94418 0.63226 0.97368 22.17326 23.77920
7.25000 -0.25149 0.20339 3.11473 0.82937 0.54460 0.96120 22.36041 23.86620
7.26000 -0.24942 0.21017 3.12245 0.71388 0.47013 0.94788 22.52389 23.94190
7.27000 -0.24729 0.21698 3.12901 0.59781 0.40917 0.93376 22.66331 24.00624
7.28000 -0.24508 0.22386 3.13440 0.48129 0.36199 0.91885 22.77834 24.05918
7.29000 -0.24281 0.23080 3.13863 0.36445 0.32879 0.90318 22.86869 24.10066
7.30000 -0.24047 0.23782 3.14169 0.24740 0.30973 0.88678 22.93416 24.13067
7.31000 -0.23805 0.24493 3.14358 0.13026 0.30490 0.86968 22.97462 24.14920
7.32000 -0.23557 0.25214 3.14429 0.01316 0.31434 0.85189 22.99000 24.15623
7.33000 -0.23301 0.25945 3.14384 -0.10378 0.33805 0.83345 22.98028 24.15178
7.34000 -0.23038 0.26689 3.14222 -0.22044 0.37595 0.81440 22.94553 24.13588
7.35000 -0.22767 0.27446 3.13943 -0.33669 0.42791 0.79475 22.88589 24.10855
7.36000 -0.22489 0.28218 3.13549 -0.45242 0.49375 0.77455 22.80154 24.06984
7.37000 -0.22203 0.29005 3.13039 -0.56749 0.57323 0.75382 22.69276 24.01981
7.38000 -0.21909 0.29809 3.12414 -0.68180 0.66606 0.73260 22.55987 23.95852
7.39000 -0.21606 0.30631 3.11675 -0.79522 0.77189 0.71092 22.40325 23.88606
7.40000 -0.21296 0.31471 3.10824 -0.90763 0.89034 0.68882 22.22337 23.80253
7.41000 -0.20977 0.32333 3.09861 -1.01890 1.02095 0.66634 22.02073 23.70803
7.42000 -0.20649 0.33216 3.08787 -1.12893 1.16323 0.64352 21.79591 23.60266
7.43000 -0.20313 0.34122 3.07603 -1.23759 1.31664 0.62039 21.54954 23.48657
7.44000 -0.19967 0.35052 3.06312 -1.34477 1.48060 0.59700 21.28229 23.35990
7.45000 -0.19611 0.36008 3.04914 -1.45035 1.65449 0.57338 20.99491 23.22278
7.46000 -0.19247 0.36991 3.03412 -1.55421 1.83764 0.54958 20.68817 23.07539
7.47000 -0.18872 0.38003 3.01806 -1.65625 2.02936 0.52565 20.36290 22.91791
7.48000 -0.18486 0.39046 3.00100 -1.75636 2.22890 0.50161 20.01998 22.75050
7.49000 -0.18091 0.40120 2.98294 -1.85441 2.43552 0.47753 19.66032 22.57338
7.50000 -0.17684 0.41227 2.96392 -1.95031 2.64842 0.45345 19.28487 22.38674
7.51000 -0.17266 0.42370 2.94394 -2.04394 2.86679 0.42940 18.89460 22.19080
7.52000 -0.16836 0.43550 2.92305 -2.13521 3.08979 0.40545 18.49055 21.98579
7.53000 -0.16395 0.44768 2.90125 -2.22400 3.31657 0.38165 18.07373 21.77195
7.54000 -0.15941 0.46027 2.87858 -2.31023 3.54627 0.35803 17.64523 21.54953
7.55000 -0.15474 0.47328 2.85505 -2.39378 3.77801 0.33465 17.20611 21.31877
7.56000 -0.14994 0.48674 2.83071 -2.47456 4.01090 0.31157 16.75748 21.07996
7.57000 -0.14500 0.50066 2.80557 -2.55248 4.24407 0.28884 16.30044 20.83336
7.58000 -0.13993 0.51507 2.77967 -2.62744 4.47663 0.26652 15.83612 20.57926
7.59000 -0.13470 0.52999 2.75303 -2.69935 4.70769 0.24465 15.36562 20.31795
7.60000 -0.12932 0.54543 2.72569 -2.76813 4.93638 0.22329 14.89008 20.04975
7.61000 -0.12379 0.56143 2.69768 -2.83368 5.16183 0.20251 14.41061 19.77495
7.62000 -0.11809 0.57801 2.66903 -2.89593 5.38321 0.18237 13.92831 19.49389
7.63000 -0.11223 0.59519 2.63977 -2.95479 5.59968 0.16291 13.44429 19.20688
7.64000 -0.10619 0.61299 2.60995 -3.01019 5.81042 0.14422 12.95963 18.91427
7.65000 -0.09997 0.63144 2.57958 -3.06205 6.01467 0.12634 12.47539 18.61640
7.66000 -0.09356 0.65057 2.54872 -3.11029 6.21165 0.10934 11.99262 18.31362
7.67000 -0.08695 0.67040 2.51739 -3.15485 6.40064 0.09330 11.51234 18.00628
7.68000 -0.08015 0.69096 2.48563 -3.19566 6.58096 0.07827 11.03552 17.69476
7.69000 -0.07313 0.71226 2.45349 -3.23265 6.75195 0.06433 10.56313 17.37942
7.70000 -0.06590 0.73435 2.42099 -3.26577 6.91299 0.05155 10.09610 17.06064
7.71000 -0.05844 0.75723 2.38819 -3.29495 7.06351 0.04000 9.63530 16.73880
7.72000 -0.05075 0.78094 2.35511 -3.32013 7.20298 0.02975 9.18157 16.41430
7.73000 -0.04282 0.80550 2.32180 -3.34128 7.33092 0.02088 8.73573 16.08752
7.74000 -0.03464 0.83093 2.28829 -3.35833 7.44689 0.01347 8.29852 15.75887
7.75000 -0.02620 0.85726 2.25464 -3.37124 7.55051 0.00759 7.87065 15.42875
7.76000 -0.01749 0.88449 2.22088 -3.37997 7.64145 0.00333 7.45279 15.09757
7.77000 -0.00851 0.91265 2.18706 -3.38449 7.71943 0.00078 7.04554 14.76574
7.78000 0.00077 0.94175 2.15321 -3.38475 7.78422 0.00001 6.64945 14.43368
7.79000 0.01033 0.97180 2.11938 -3.38073 7.83566 0.00111 6.26503 14.10179
7.80000 0.02021 1.00280 2.08561 -3.37239 7.87362 0.00418 5.89273 13.77052
7.81000 0.03039 1.03476 2.05194 -3.35973 7.89805 0.00930 5.53293 13.44027
7.82000 0.04090 1.06767 2.01843 -3.34273 7.90894 0.01656 5.18598 13.11148
7.83000 0.05175 1.10151 1.98510 -3.32137 7.90635 0.02607 4.85215 12.78457
7.84000 0.06294 1.13626 1.95202 -3.29564 7.89039 0.03791 4.53167 12.45997
7.85000 0.07448 1.17191 1.91921 -3.26555 7.86122 0.05219 4.22470 12.13811
7.86000 0.08638 1.20840 1.88672 -3.23111 7.81906 0.06900 3.93135 11.81941
7.87000 0.09865 1.24570 1.85460 -3.19233 7.76417 0.08845 3.65169 11.50431
7.88000 0.11129 1.28373 1.82289 -3.14924 7.69687 0.11064 3.38571 11.19322
7.89000 0.12432 1.32243 1.79163 -3.10186 7.61754 0.13566 3.13337 10.88657
7.90000 0.13774 1.36170 1.76086 -3.05023 7.52659 0.16362 2.89457 10.58477
7.91000 0.15156 1.40144 1.73064 -2.99440 7.42448 0.19462 2.66915 10.28825
7.92000 0.16577 1.44153 1.70099 -2.93445 7.31172 0.22876 2.45693 9.99741
7.93000 0.18039 1.48183 1.67196 -2.87042 7.18884 0.26615 2.25766 9.71264
7.94000 0.19541 1.52218 1.64359 -2.80242 7.05643 0.30687 2.07107 9.43436
7.95000 0.21083 1.56241 1.61593 -2.73055 6.91509 0.35102 1.89682 9.16294
7.96000 0.22666 1.60231 1.58900 -2.65490 6.76547 0.39870 1.73458 8.89875
7.97000 0.24288 1.64167 1.56284 -2.57562 6.60823 0.44998 1.58395 8.64216
7.98000 0.25949 1.68026 1.53749 -2.49284 6.44407 0.50496 1.44450 8.39353
7.99000 0.27648 1.71781 1.51299 -2.40673 6.27367 0.56369 1.31582 8.15318
8.00000 0.29384 1.75407 1.48937 -2.31746 6.09777 0.62624 1.19742 7.92143
8.01000 0.31156 1.78873 1.46666 -2.22523 5.91708 0.69267 1.08884 7.69859
8.02000 0.32961 1.82151 1.44488 -2.13026 5.73234 0.76302 0.98957 7.48493
8.03000 0.34798 1.85210 1.42406 -2.03277 5.54427 0.83731 0.89913 7.28071
8.04000 0.36664 1.88018 1.40423 -1.93301 5.35360 0.91557 0.81700 7.08618
8.05000 0.38557 1.90544 1.38540 -1.83126 5.16104 0.99780 0.74268 6.90152
8.06000 0.40474 1.92756 1.36761 -1.72780 4.96728 1.08398 0.67568 6.72694
8.07000 0.42411 1.94625 1.35085 -1.62291 4.77302 1.17407 0.61549 6.56258
8.08000 0.44365 1.96123 1.33515 -1.51692 4.57890 1.26802 0.56164 6.40856
8.09000 0.46333 1.97222 1.32052 -1.41013 4.38557 1.36575 0.51366 6.26498
8.10000 0.48308 1.97900 1.30695 -1.30289 4.19363 1.46718 0.47110 6.13191
8.11000 0.50289 1.98134 1.29446 -1.19552 4.00365 1.57218 0.43354 6.00936
8.12000 0.52270 1.97909 1.28304 -1.08835 3.81616 1.68061 0.40056 5.89734
8.13000 0.54246 1.97212 1.27269 -0.98172 3.63168 1.79232 0.37180 5.79581
8.14000 0.56212 1.96034 1.26340 -0.87597 3.45067 1.90712 0.34691 5.70470
8.15000 0.58165 1.94371 1.25517 -0.77140 3.27355 2.02479 0.32555 5.62390
8.16000 0.60098 1.92225 1.24797 -0.66832 3.10072 2.14513 0.30745 5.55330
8.17000 0.62008 1.89602 1.24180 -0.56704 2.93252 2.26787 0.29233 5.49272
8.18000 0.63889 1.86511 1.23662 -0.46781 2.76926 2.39276 0.27995 5.44198
8.19000 0.65736 1.82969 1.23243 -0.37091 2.61122 2.51951 0.27012 5.40086
8.20000 0.67546 1.78993 1.22920 -0.27654 2.45864 2.64783 0.26266 5.36912
8.21000 0.69315 1.74608 1.22689 -0.18493 2.31171 2.77740 0.25740 5.34651
8.22000 0.71037 1.69837 1.22549 -0.09624 2.17061 2.90791 0.25423 5.33275
8.23000 0.72710 1.64711 1.22496 -0.01063 2.03548 3.03902 0.25303 5.32753
8.24000 0.74330 1.59258 1.22527 0.07178 1.90643 3.17040 0.25372 5.33056
8.25000 0.75895 1.53512 1.22638 0.15089 1.78355 3.30171 0.25624 5.34151
8.26000 0.77400 1.47504 1.22827 0.22664 1.66691 3.43260 0.26054 5.36005
8.27000 0.78844 1.41269 1.23090 0.29898 1.55655 3.56273 0.26658 5.38586
8.28000 0.80225 1.34837 1.23424 0.36790 1.45249 3.69177 0.27434 5.41860
8.29000 0.81540 1.28243 1.23825 0.43340 1.35474 3.81937 0.28381 5.45793
8.30000 0.82789 1.21517 1.24290 0.49550 1.26331 3.94521 0.29499 5.50352
8.31000 0.83970 1.14689 1.24815 0.55426 1.17818 4.06897 0.30789 5.55504
8.32000 0.85083 1.07787 1.25397 0.60973 1.09932 4.19033 0.32251 5.61216
8.33000 0.86126 1.00838 1.26033 0.66200 1.02670 4.30900 0.33887 5.67456
8.34000 0.87099 0.93866 1.26720 0.71115 0.96029 4.42467 0.35698 5.74194
8.35000 0.88003 0.86894 1.27455 0.75729 0.90002 4.53709 0.37688 5.81399
8.36000 0.88837 0.79942 1.28234 0.80053 0.84587 4.64598 0.39857 5.89043
8.37000 0.89602 0.73030 1.29055 0.84099 0.79777 4.75111 0.42209 5.97097
8.38000 0.90298 0.66173 1.29915 0.87880 0.75567 4.85222 0.44745 6.05534
8.39000 0.90926 0.59386 1.30811 0.91409 0.71951 4.94912 0.47467 6.14330
8.40000 0.91486 0.52682 1.31742 0.94698 0.68924 5.04159 0.50378 6.23461
8.41000 0.91980 0.46073 1.32705 0.97762 0.66478 5.12945 0.53480 6.32903
8.42000 0.92408 0.39567 1.33697 1.00615 0.64608 5.21253 0.56773 6.42635
8.43000 0.92771 0.33172 1.34716 1.03268 0.63307 5.29069 0.60261 6.52637
8.44000 0.93072 0.26897 1.35761 1.05738 0.62569 5.36377 0.63944 6.62890
8.45000 0.93310 0.20745 1.36830 1.08035 0.62387 5.43166 0.67824 6.73377
8.46000 0.93487 0.14722 1.37922 1.10174 0.62753 5.49426 0.71903 6.84081
8.47000 0.93605 0.08831 1.39033 1.12168 0.63662 5.55146 0.76181 6.94988
8.48000 0.93664 0.03075 1.40165 1.14028 0.65104 5.60320 0.80660 7.06084
8.49000 0.93666 -0.02545 1.41314 1.15766 0.67074 5.64942 0.85341 7.17357
8.50000 0.93614 -0.08026 1.42480 1.17395 0.69562 5.69007 0.90225 7.28794
8.51000 0.93506 -0.13369 1.43661 1.18925 0.72560 5.72511 0.95315 7.40386
8.52000 0.93347 -0.18573 1.44858 1.20367 0.76060 5.75453 1.00611 7.52124
8.53000 0.93135 -0.23637 1.46068 1.21732 0.80053 5.77832 1.06114 7.64000
8.54000 0.92874 -0.28563 1.47292 1.23028 0.84530 5.79649 1.11827 7.76006
8.55000 0.92565 -0.33351 1.48529 1.24266 0.89479 5.80906 1.17751 7.88136
8.56000 0.92208 -0.38002 1.49777 1.25454 0.94891 5.81605 1.23889 8.00385
8.57000 0.91805 -0.42517 1.51038 1.26599 1.00756 5.81751 1.30242 8.12749
8.58000 0.91358 -0.46896 1.52309 1.27711 1.07060 5.81350 1.36812 8.25223
8.59000 0.90868 -0.51143 1.53592 1.28796 1.13793 5.80408 1.43604 8.37805
8.60000 0.90335 -0.55256 1.54885 1.29861 1.20942 5.78932 1.50618 8.50492
8.61000 0.89763 -0.59239 1.56189 1.30911 1.28493 5.76931 1.57859 8.63283
8.62000 0.89151 -0.63092 1.57503 1.31953 1.36432 5.74413 1.65331 8.76176
8.63000 0.88501 -0.66817 1.58828 1.32992 1.44746 5.71390 1.73036 8.89172
8.64000 0.87815 -0.70415 1.60163 1.34032 1.53418 5.67872 1.80980 9.02270
8.65000 0.87094 -0.73887 1.61509 1.35078 1.62434 5.63870 1.89165 9.15469
8.66000 0.86338 -0.77236 1.62865 1.36133 1.71776 5.59398 1.97598 9.28772
8.67000 0.85549 -0.80462 1.64231 1.37199 1.81427 5.54469 2.06283 9.42179
8.68000 0.84729 -0.83566 1.65609 1.38281 1.91371 5.49095 2.15225 9.55691
8.69000 0.83878 -0.86550 1.66997 1.39380 2.01588 5.43293 2.24430 9.69310
8.70000 0.82998 -0.89416 1.68396 1.40498 2.12059 5.37076 2.33903 9.83038
8.71000 0.82090 -0.92164 1.69807 1.41635 2.22766 5.30460 2.43651 9.96877
8.72000 0.81156 -0.94796 1.71229 1.42793 2.33687 5.23461 2.53679 10.10828
8.73000 0.80195 -0.97314 1.72663 1.43973 2.44803 5.16096 2.63995 10.24893
8.74000 0.79210 -0.99718 1.74109 1.45173 2.56091 5.08380 2.74604 10.39076
8.75000 0.78201 -1.02010 1.75566 1.46393 2.67531 5.00332 2.85514 10.53377
8.76000 0.77170 -1.04191 1.77037 1.47634 2.79100 4.91967 2.96732 10.67799
8.77000 0.76117 -1.06263 1.78519 1.48892 2.90775 4.83305 3.08263 10.82343
8.78000 0.75045 -1.08228 1.80014 1.50166 3.02534 4.74362 3.20116 10.97012
8.79000 0.73953 -1.10085 1.81523 1.51455 3.14353 4.65157 3.32296 11.11806
8.80000 0.72844 -1.11838 1.83044 1.52755 3.26208 4.55708 3.44812 11.26728
8.81000 0.71717 -1.13488 1.84578 1.54065 3.38076 4.46032 3.57669 11.41777
8.82000 0.70574 -1.15036 1.86125 1.55380 3.49933 4.36147 3.70875 11.56955
8.83000 0.69416 -1.16484 1.87685 1.56698 3.61754 4.26073 3.84436 11.72263
8.84000 0.68245 -1.17834 1.89259 1.58015 3.73516 4.15827 3.98357 11.87700
8.85000 0.67060 -1.19088 1.90846 1.59326 3.85193 4.05427 4.12646 12.03265
8.86000 0.65863 -1.20247 1.92445 1.60629 3.96761 3.94891 4.27307 12.18959
8.87000 0.64655 -1.21314 1.94058 1.61917 4.08197 3.84236 4.42346 12.34780
8.88000 0.63437 -1.22290 1.95684 1.63187 4.19477 3.73482 4.57768 12.50727
8.89000 0.62210 -1.23178 1.97322 1.64435 4.30575 3.62645 4.73576 12.66797
8.90000 0.60974 -1.23979 1.98972 1.65654 4.41470 3.51742 4.89775 12.82988
8.91000 0.59731 -1.24696 2.00635 1.66840 4.52138 3.40791 5.06367 12.99297
8.92000 0.58480 -1.25332 2.02309 1.67987 4.62556 3.29809 5.23356 13.15720
8.93000 0.57224 -1.25888 2.03994 1.69091 4.72702 3.18811 5.40741 13.32255
8.94000 0.55963 -1.26367 2.05691 1.70147 4.82555 3.07815 5.58525 13.48895
8.95000 0.54697 -1.26771 2.07397 1.71148 4.92093 2.96836 5.76707 13.65636
8.96000 0.53428 -1.27104 2.09113 1.72089 5.01296 2.85890 5.95286 13.82472
8.97000 0.52155 -1.27366 2.10839 1.72965 5.10146 2.74991 6.14260 13.99397
8.98000 0.50881 -1.27561 2.12572 1.73771 5.18622 2.64156 6.33627 14.16405
8.99000 0.49604 -1.27692 2.14314 1.74502 5.26708 2.53399 6.53383 14.33489
9.00000 0.48327 -1.27761 2.16062 1.75151 5.34386 2.42733 6.73521 14.50640
9.01000 0.47049 -1.27770 2.17817 1.75714 5.41642 2.32172 6.94037 14.67851
9.02000 0.45772 -1.27722 2.19576 1.76186 5.48460 2.21730 7.14923 14.85112
9.03000 0.44495 -1.27620 2.21340 1.76562 5.54826 2.11419 7.36169 15.02415
9.04000 0.43220 -1.27466 2.23107 1.76836 5.60730 2.01253 7.57767 15.19750
9.05000 0.41946 -1.27263 2.24876 1.77004 5.66160 1.91242 7.79705 15.37107
9.06000 0.40674 -1.27013 2.26647 1.77062 5.71105 1.81400 8.01970 15.54475
9.07000 0.39406 -1.26719 2.28417 1.77006 5.75559 1.71735 8.24549 15.71843
9.08000 0.38140 -1.26384 2.30186 1.76830 5.79513 1.62261 8.47426 15.89199
9.09000 0.36878 -1.26009 2.31953 1.76531 5.82962 1.52986 8.70585 16.06533
9.10000 0.35620 -1.25598 2.33717 1.76105 5.85903 1.43921 8.94007 16.23831
9.11000 0.34366 -1.25152 2.35475 1.75548 5.88332 1.35074 9.17674 16.41080
9.12000 0.33117 -1.24674 2.37227 1.74858 5.90248 1.26456 9.41565 16.58269
9.13000 0.31873 -1.24166 2.38972 1.74030 5.91653 1.18073 9.65657 16.75383
9.14000 0.30634 -1.23631 2.40707 1.73063 5.92546 1.09935 9.89927 16.92409
9.15000 0.29400 -1.23069 2.42433 1.71953 5.92933 1.02049 10.14351 17.09333
9.16000 0.28173 -1.22485 2.44146 1.70698 5.92818 0.94421 10.38902 17.26141
9.17000 0.26951 -1.21879 2.45846 1.69295 5.92207 0.87059 10.63553 17.42819
9.18000 0.25735 -1.21253 2.47531 1.67743 5.91108 0.79970 10.88274 17.59352
9.19000 0.24526 -1.20610 2.49200 1.66041 5.89531 0.73157 11.13037 17.75726
9.20000 0.23323 -1.19951 2.50852 1.64186 5.87486 0.66628 11.37810 17.91924
9.21000 0.22127 -1.19278 2.52484 1.62178 5.84986 0.60386 11.62562 18.07934
9.22000 0.20937 -1.18592 2.54095 1.60015 5.82043 0.54437 11.87258 18.23739
9.23000 0.19755 -1.17896 2.55683 1.57697 5.78674 0.48785 12.11865 18.39324
9.24000 0.18580 -1.17190 2.57248 1.55224 5.74893 0.43432 12.36348 18.54674
9.25000 0.17411 -1.16477 2.58787 1.52596 5.70720 0.38384 12.60670 18.69774
9.26000 0.16250 -1.15757 2.60299 1.49812 5.66171 0.33641 12.84796 18.84608
9.27000 0.15096 -1.15032 2.61783 1.46874 5.61267 0.29207 13.08687 18.99162
9.28000 0.13949 -1.14303 2.63236 1.43781 5.56029 0.25084 13.32307 19.13419
9.29000 0.12810 -1.13571 2.64658 1.40534 5.50478 0.21273 13.55615 19.27366
9.30000 0.11678 -1.12838 2.66047 1.37136 5.44637 0.17776 13.78574 19.40987
9.31000 0.10553 -1.12104 2.67400 1.33587 5.38530 0.14594 14.01144 19.54268
9.32000 0.09436 -1.11371 2.68718 1.29888 5.32180 0.11727 14.23286 19.67192
9.33000 0.08326 -1.10639 2.69998 1.26043 5.25612 0.09175 14.44960 19.79747
9.34000 0.07223 -1.09910 2.71238 1.22052 5.18852 0.06938 14.66126 19.91917
9.35000 0.06128 -1.09183 2.72438 1.17918 5.11926 0.05016 14.86746 20.03689
9.36000 0.05039 -1.08461 2.73596 1.13644 5.04860 0.03407 15.06780 20.15048
9.37000 0.03958 -1.07743 2.74711 1.09232 4.97680 0.02111 15.26190 20.25981
9.38000 0.02885 -1.07030 2.75780 1.04685 4.90414 0.01126 15.44936 20.36475
9.39000 0.01818 -1.06323 2.76804 1.00007 4.83087 0.00449 15.62980 20.46516
9.40000 0.00758 -1.05622 2.77780 0.95201 4.75727 0.00078 15.80287 20.56092
9.41000 -0.00295 -1.04929 2.78707 0.90269 4.68361 0.00012 15.96818 20.65190
9.42000 -0.01340 -1.04242 2.79585 0.85217 4.61014 0.00246 16.12538 20.73799
9.43000 -0.02379 -1.03564 2.80411 0.80048 4.53713 0.00779 16.27414 20.81906
9.44000 -0.03412 -1.02893 2.81186 0.74766 4.46485 0.01605 16.41411 20.89501
9.45000 -0.04437 -1.02232 2.81906 0.69375 4.39353 0.02722 16.54496 20.96572
9.46000 -0.05456 -1.01578 2.82573 0.63880 4.32343 0.04126 16.66640 21.03109
9.47000 -0.06469 -1.00934 2.83184 0.58284 4.25479 0.05811 16.77812 21.09102
9.48000 -0.07475 -1.00300 2.83738 0.52593 4.18783 0.07773 16.87984 21.14541
9.49000 -0.08475 -0.99674 2.84235 0.46812 4.12279 0.10008 16.97130 21.19417
9.50000 -0.09469 -0.99059 2.84674 0.40945 4.05988 0.12510 17.05225 21.23723
9.51000 -0.10456 -0.98453 2.85054 0.34998 3.99929 0.15273 17.12246 21.27448
9.52000 -0.11438 -0.97857 2.85374 0.28975 3.94123 0.18292 17.18172 21.30587
9.53000 -0.12413 -0.97271 2.85633 0.22882 3.88587 0.21561 17.22982 21.33131
9.54000 -0.13383 -0.96695 2.85831 0.16724 3.83339 0.25074 17.26661 21.35074
9.55000 -0.14347 -0.96129 2.85967 0.10507 3.78393 0.28824 17.29194 21.36410
9.56000 -0.15306 -0.95573 2.86041 0.04236 3.73764 0.32804 17.30566 21.37134
9.57000 -0.16259 -0.95026 2.86052 -0.02083 3.69465 0.37009 17.30767 21.37240
9.58000 -0.17206 -0.94490 2.85999 -0.08445 3.65506 0.41430 17.29788 21.36724
9.59000 -0.18149 -0.93963 2.85883 -0.14844 3.61899 0.46060 17.27623 21.35582
9.60000 -0.19086 -0.93446 2.85702 -0.21274 3.58650 0.50892 17.24269 21.33810
9.61000 -0.20018 -0.92939 2.85457 -0.27729 3.55767 0.55918 17.19722 21.31407
9.62000 -0.20944 -0.92441 2.85148 -0.34203 3.53254 0.61131 17.13984 21.28369
9.63000 -0.21866 -0.91952 2.84773 -0.40692 3.51116 0.66522 17.07058 21.24696
9.64000 -0.22784 -0.91472 2.84334 -0.47188 3.49354 0.72083 16.98949 21.20385
9.65000 -0.23696 -0.91000 2.83830 -0.53686 3.47968 0.77805 16.89664 21.15438
9.66000 -0.24604 -0.90537 2.83260 -0.60179 3.46956 0.83681 16.79215 21.09852
9.67000 -0.25507 -0.90083 2.82626 -0.66663 3.46317 0.89702 16.67612 21.03631
9.68000 -0.26405 -0.89636 2.81927 -0.73130 3.46044 0.95859 16.54871 20.96774
9.69000 -0.27299 -0.89196 2.81163 -0.79576 3.46132 1.02142 16.41009 20.89283
9.70000 -0.28189 -0.88764 2.80336 -0.85994 3.46573 1.08544 16.26046 20.81162
9.71000 -0.29075 -0.88338 2.79444 -0.92378 3.47357 1.15054 16.10001 20.72412
9.72000 -0.29956 -0.87919 2.78488 -0.98723 3.48474 1.21664 15.92901 20.63039
9.73000 -0.30833 -0.87506 2.77469 -1.05022 3.49911 1.28365 15.74769 20.53045
9.74000 -0.31706 -0.87098 2.76388 -1.11270 3.51655 1.35146 15.55634 20.42435
9.75000 -0.32575 -0.86695 2.75244 -1.17462 3.53691 1.41999 15.35525 20.31215
9.76000 -0.33440 -0.86296 2.74039 -1.23592 3.56002 1.48913 15.14476 20.19391
9.77000 -0.34301 -0.85902 2.72773 -1.29653 3.58571 1.55880 14.92517 20.06969
9.78000 -0.35158 -0.85510 2.71446 -1.35642 3.61379 1.62890 14.69686 19.93955
9.79000 -0.36011 -0.85122 2.70060 -1.41551 3.64406 1.69933 14.46020 19.80358
9.80000 -0.36861 -0.84735 2.68615 -1.47377 3.67632 1.76999 14.21555 19.66186
9.81000 -0.37706 -0.84349 2.67113 -1.53113 3.71035 1.84078 13.96333 19.51446
9.82000 -0.38548 -0.83964 2.65553 -1.58755 3.74592 1.91161 13.70395 19.36148
9.83000 -0.39385 -0.83579 2.63938 -1.64298 3.78281 1.98238 13.43783 19.20301
9.84000 -0.40219 -0.83192 2.62268 -1.69736 3.82077 2.05299 13.16540 19.03916
9.85000 -0.41049 -0.82804 2.60544 -1.75065 3.85957 2.12334 12.88712 18.87003
9.86000 -0.41875 -0.82412 2.58767 -1.80280 3.89895 2.19333 12.60344 18.69572
9.87000 -0.42697 -0.82017 2.56938 -1.85377 3.93865 2.26288 12.31483 18.51636
9.88000 -0.43515 -0.81617 2.55060 -1.90351 3.97844 2.33187 12.02175 18.33205
9.89000 -0.44330 -0.81210 2.53132 -1.95198 4.01805 2.40021 11.72467 18.14293
9.90000 -0.45140 -0.80797 2.51156 -1.99914 4.05722 2.46781 11.42409 17.94912
9.91000 -0.45946 -0.80375 2.49134 -2.04494 4.09570 2.53457 11.12047 17.75074
9.92000 -0.46747 -0.79943 2.47067 -2.08935 4.13324 2.60040 10.81431 17.54795
9.93000 -0.47544 -0.79500 2.44956 -2.13233 4.16959 2.66519 10.50608 17.34086
9.94000 -0.48337 -0.79044 2.42803 -2.17385 4.20450 2.72885 10.19628 17.12963
9.95000 -0.49125 -0.78574 2.40609 -2.21386 4.23772 2.79130 9.88538 16.91440
9.96000 -0.49908 -0.78089 2.38375 -2.25234 4.26902 2.85243 9.57386 16.69532
9.97000 -0.50687 -0.77586 2.36104 -2.28926 4.29817 2.91217 9.26220 16.47254
9.98000 -0.51460 -0.77063 2.33797 -2.32459 4.32495 2.97040 8.95086 16.24622
9.99000 -0.52228 -0.76520 2.31456 -2.35829 4.34915 3.02706 8.64031 16.01651
