# t theta omega l v E_kin E_pot E_elastic E_tot
0.00000 0.50000 0.10000 1.30000 0.00000 0.00845 1.56119 0.45000 2.01964
0.01000 0.50082 0.06376 1.30028 0.05615 0.00501 1.56654 0.45084 2.02239
0.02000 0.50128 0.02747 1.30112 0.11215 0.00693 1.57035 0.45337 2.03065
0.03000 0.50137 -0.00876 1.30252 0.16800 0.01418 1.57261 0.45760 2.04439
0.04000 0.50110 -0.04484 1.30448 0.22370 0.02673 1.57333 0.46355 2.06361
0.05000 0.50047 -0.08067 1.30700 0.27924 0.04455 1.57250 0.47124 2.08828
0.06000 0.49949 -0.11615 1.31007 0.33461 0.06756 1.57013 0.48071 2.11839
0.07000 0.49815 -0.15119 1.31369 0.38980 0.09570 1.56622 0.49200 2.15392
0.08000 0.49647 -0.18569 1.31786 0.44482 0.12888 1.56081 0.50518 2.19486
0.09000 0.49444 -0.21957 1.32258 0.49965 0.16699 1.55390 0.52030 2.24119
0.10000 0.49208 -0.25274 1.32785 0.55428 0.20993 1.54552 0.53744 2.29289
0.11000 0.48939 -0.28513 1.33367 0.60869 0.25756 1.53570 0.55668 2.34993
0.12000 0.48638 -0.31667 1.34003 0.66288 0.30974 1.52448 0.57809 2.41231
0.13000 0.48306 -0.34728 1.34693 0.71682 0.36631 1.51188 0.60179 2.47998
0.14000 0.47943 -0.37692 1.35436 0.77049 0.42712 1.49795 0.62786 2.55294
0.15000 0.47552 -0.40551 1.36233 0.82386 0.49197 1.48274 0.65643 2.63114
0.16000 0.47133 -0.43302 1.37084 0.87692 0.56068 1.46628 0.68761 2.71457
0.17000 0.46687 -0.45941 1.37987 0.92963 0.63304 1.44863 0.72151 2.80318
0.18000 0.46214 -0.48463 1.38943 0.98196 0.70883 1.42984 0.75828 2.89695
0.19000 0.45718 -0.50866 1.39951 1.03388 0.78783 1.40996 0.79804 2.99583
0.20000 0.45197 -0.53147 1.41011 1.08534 0.86981 1.38904 0.84094 3.09978
0.21000 0.44655 -0.55306 1.42121 1.13631 0.95451 1.36714 0.88711 3.20876
0.22000 0.44092 -0.57340 1.43283 1.18674 1.04168 1.34432 0.93671 3.32271
0.23000 0.43509 -0.59250 1.44495 1.23658 1.13105 1.32063 0.98989 3.44158
0.24000 0.42907 -0.61035 1.45756 1.28580 1.22236 1.29614 1.04681 3.56531
0.25000 0.42288 -0.62697 1.47066 1.33433 1.31531 1.27091 1.10761 3.69383
0.26000 0.41654 -0.64235 1.48424 1.38213 1.40963 1.24498 1.17246 3.82708
0.27000 0.41004 -0.65653 1.49830 1.42914 1.50503 1.21843 1.24152 3.96498
0.28000 0.40341 -0.66951 1.51282 1.47530 1.60120 1.19131 1.31494 4.10745
0.29000 0.39666 -0.68133 1.52780 1.52056 1.69784 1.16367 1.39289 4.25440
0.30000 0.38979 -0.69201 1.54323 1.56487 1.79466 1.13559 1.47551 4.40575
0.31000 0.38282 -0.70159 1.55910 1.60816 1.89134 1.10710 1.56296 4.56140
0.32000 0.37576 -0.71008 1.57539 1.65038 1.98758 1.07828 1.65538 4.72124
0.33000 0.36862 -0.71755 1.59210 1.69146 2.08307 1.04917 1.75293 4.88516
0.34000 0.36141 -0.72401 1.60922 1.73135 2.17751 1.01983 1.85573 5.05306
0.35000 0.35414 -0.72951 1.62673 1.77000 2.27059 0.99030 1.96392 5.22481
0.36000 0.34682 -0.73410 1.64461 1.80733 2.36201 0.96065 2.07763 5.40029
0.37000 0.33946 -0.73781 1.66287 1.84330 2.45149 0.93092 2.19696 5.57937
0.38000 0.33207 -0.74069 1.68147 1.87784 2.53872 0.90115 2.32204 5.76190
0.39000 0.32465 -0.74277 1.70042 1.91092 2.62342 0.87140 2.45294 5.94775
0.40000 0.31722 -0.74412 1.71969 1.94246 2.70532 0.84170 2.58975 6.13677
0.41000 0.30977 -0.74476 1.73926 1.97242 2.78415 0.81211 2.73255 6.32881
0.42000 0.30233 -0.74474 1.75913 2.00074 2.85965 0.78266 2.88139 6.52371
0.43000 0.29488 -0.74410 1.77927 2.02739 2.93158 0.75340 3.03633 6.72130
0.44000 0.28745 -0.74288 1.79967 2.05231 2.99969 0.72435 3.19738 6.92142
0.45000 0.28002 -0.74113 1.82031 2.07545 3.06378 0.69556 3.36456 7.12391
0.46000 0.27262 -0.73888 1.84118 2.09679 3.12362 0.66707 3.53788 7.32857
0.47000 0.26525 -0.73618 1.86224 2.11626 3.17903 0.63890 3.71731 7.53523
0.48000 0.25790 -0.73305 1.88349 2.13385 3.22982 0.61109 3.90281 7.74372
0.49000 0.25059 -0.72954 1.90491 2.14951 3.27583 0.58366 4.09433 7.95383
0.50000 0.24331 -0.72567 1.92648 2.16321 3.31692 0.55666 4.29181 8.16539
0.51000 0.23608 -0.72149 1.94817 2.17491 3.35296 0.53009 4.49513 8.37819
0.52000 0.22888 -0.71702 1.96997 2.18460 3.38384 0.50400 4.70420 8.59204
0.53000 0.22174 -0.71229 1.99186 2.19225 3.40945 0.47840 4.91889 8.80674
0.54000 0.21464 -0.70733 2.01381 2.19783 3.42974 0.45332 5.13903 9.02209
0.55000 0.20759 -0.70217 2.03581 2.20133 3.44465 0.42878 5.36446 9.23789
0.56000 0.20060 -0.69684 2.05783 2.20273 3.45414 0.40479 5.59499 9.45392
0.57000 0.19365 -0.69134 2.07985 2.20201 3.45820 0.38139 5.83041 9.66999
0.58000 0.18677 -0.68572 2.10186 2.19917 3.45683 0.35858 6.07048 9.88589
0.59000 0.17994 -0.67998 2.12383 2.19419 3.45005 0.33639 6.31496 10.10140
0.60000 0.17317 -0.67416 2.14574 2.18707 3.43792 0.31483 6.56357 10.31632
0.61000 0.16646 -0.66826 2.16756 2.17781 3.42050 0.29391 6.81602 10.53044
0.62000 0.15980 -0.66230 2.18929 2.16641 3.39788 0.27365 7.07201 10.74354
0.63000 0.15321 -0.65631 2.21088 2.15286 3.37015 0.25406 7.33120 10.95541
0.64000 0.14668 -0.65029 2.23234 2.13718 3.33744 0.23515 7.59326 11.16586
0.65000 0.14021 -0.64426 2.25362 2.11937 3.29989 0.21694 7.85783 11.37466
0.66000 0.13379 -0.63822 2.27472 2.09945 3.25767 0.19943 8.12451 11.58161
0.67000 0.12744 -0.63220 2.29560 2.07741 3.21094 0.18263 8.39293 11.78650
0.68000 0.12115 -0.62621 2.31626 2.05329 3.15991 0.16655 8.66268 11.98913
0.69000 0.11492 -0.62024 2.33666 2.02710 3.10478 0.15119 8.93332 12.18929
0.70000 0.10874 -0.61431 2.35679 1.99885 3.04577 0.13657 9.20444 12.38678
0.71000 0.10263 -0.60844 2.37663 1.96857 2.98314 0.12268 9.47558 12.58140
0.72000 0.09658 -0.60261 2.39616 1.93630 2.91713 0.10953 9.74628 12.77295
0.73000 0.09058 -0.59686 2.41535 1.90204 2.84801 0.09713 10.01610 12.96124
0.74000 0.08464 -0.59116 2.43419 1.86584 2.77605 0.08548 10.28454 13.14607
0.75000 0.07875 -0.58555 2.45266 1.82772 2.70154 0.07458 10.55113 13.32725
0.76000 0.07293 -0.58000 2.47074 1.78773 2.62479 0.06442 10.81539 13.50460
0.77000 0.06715 -0.57455 2.48841 1.74589 2.54610 0.05502 11.07682 13.67794
0.78000 0.06144 -0.56917 2.50565 1.70225 2.46577 0.04637 11.33494 13.84709
0.79000 0.05577 -0.56389 2.52245 1.65684 2.38414 0.03847 11.58926 14.01187
0.80000 0.05016 -0.55869 2.53878 1.60971 2.30151 0.03132 11.83927 14.17210
0.81000 0.04460 -0.55359 2.55464 1.56090 2.21823 0.02492 12.08449 14.32764
0.82000 0.03909 -0.54859 2.57000 1.51046 2.13461 0.01926 12.32443 14.47830
0.83000 0.03362 -0.54368 2.58484 1.45844 2.05099 0.01433 12.55861 14.62394
0.84000 0.02821 -0.53887 2.59916 1.40488 1.96769 0.01015 12.78655 14.76439
0.85000 0.02285 -0.53416 2.61293 1.34984 1.88505 0.00669 13.00778 14.89952
0.86000 0.01753 -0.52955 2.62615 1.29337 1.80339 0.00396 13.22184 15.02919
0.87000 0.01226 -0.52504 2.63880 1.23552 1.72302 0.00194 13.42828 15.15324
0.88000 0.00703 -0.52063 2.65086 1.17636 1.64426 0.00064 13.62665 15.27155
0.89000 0.00184 -0.51631 2.66232 1.11594 1.56742 0.00004 13.81654 15.38400
0.90000 -0.00330 -0.51210 2.67317 1.05431 1.49279 0.00014 13.99753 15.49046
0.91000 -0.00840 -0.50799 2.68340 0.99154 1.42067 0.00093 14.16922 15.59082
0.92000 -0.01346 -0.50398 2.69300 0.92769 1.35133 0.00239 14.33124 15.68497
0.93000 -0.01848 -0.50007 2.70195 0.86283 1.28505 0.00453 14.48322 15.77280
0.94000 -0.02346 -0.49625 2.71025 0.79700 1.22208 0.00732 14.62482 15.85422
0.95000 -0.02841 -0.49253 2.71789 0.73029 1.16265 0.01076 14.75573 15.92914
0.96000 -0.03331 -0.48891 2.72486 0.66276 1.10701 0.01483 14.87564 15.99748
0.97000 -0.03818 -0.48538 2.73114 0.59446 1.05534 0.01953 14.98428 16.05915
0.98000 -0.04302 -0.48194 2.73674 0.52548 1.00787 0.02484 15.08138 16.11409
0.99000 -0.04782 -0.47859 2.74165 0.45587 0.96475 0.03075 15.16673 16.16223
1.00000 -0.05259 -0.47533 2.74586 0.38570 0.92616 0.03724 15.24011 16.20351
1.01000 -0.05733 -0.47216 2.74936 0.31506 0.89223 0.04431 15.30135 16.23789
1.02000 -0.06204 -0.46908 2.75216 0.24399 0.86309 0.05193 15.35029 16.26531
1.03000 -0.06671 -0.46608 2.75424 0.17258 0.83883 0.06010 15.38681 16.28575
1.04000 -0.07136 -0.46316 2.75561 0.10090 0.81956 0.06879 15.41081 16.29916
1.05000 -0.07598 -0.46033 2.75626 0.02901 0.80532 0.07800 15.42222 16.30554
1.06000 -0.08056 -0.45757 2.75619 -0.04302 0.79616 0.08770 15.42099 16.30485
1.07000 -0.08513 -0.45488 2.75540 -0.11510 0.79210 0.09788 15.40711 16.29709
1.08000 -0.08966 -0.45227 2.75389 -0.18718 0.79316 0.10852 15.38059 16.28227
1.09000 -0.09417 -0.44973 2.75165 -0.25918 0.79929 0.11961 15.34147 16.26037
1.10000 -0.09866 -0.44726 2.74870 -0.33103 0.81048 0.13112 15.28982 16.23142
1.11000 -0.10312 -0.44485 2.74503 -0.40265 0.82665 0.14304 15.22573 16.19543
1.12000 -0.10755 -0.44251 2.74065 -0.47399 0.84774 0.15536 15.14934 16.15243
1.13000 -0.11197 -0.44023 2.73556 -0.54496 0.87363 0.16804 15.06078 16.10245
1.14000 -0.11636 -0.43800 2.72975 -0.61550 0.90420 0.18108 14.96024 16.04552
1.15000 -0.12073 -0.43583 2.72325 -0.68554 0.93933 0.19445 14.84792 15.98170
1.16000 -0.12508 -0.43371 2.71604 -0.75501 0.97885 0.20814 14.72405 15.91104
1.17000 -0.12940 -0.43164 2.70815 -0.82384 1.02259 0.22212 14.58888 15.83359
1.18000 -0.13371 -0.42962 2.69957 -0.89197 1.07035 0.23638 14.44270 15.74942
1.19000 -0.13800 -0.42763 2.69031 -0.95932 1.12193 0.25089 14.28579 15.65861
1.20000 -0.14226 -0.42568 2.68039 -1.02583 1.17710 0.26563 14.11850 15.56123
1.21000 -0.14651 -0.42377 2.66980 -1.09144 1.23563 0.28059 13.94115 15.45737
1.22000 -0.15074 -0.42188 2.65856 -1.15608 1.29726 0.29574 13.75412 15.34712
1.23000 -0.15495 -0.42002 2.64668 -1.21970 1.36173 0.31106 13.55780 15.23058
1.24000 -0.15914 -0.41818 2.63417 -1.28221 1.42876 0.32652 13.35257 15.10785
1.25000 -0.16331 -0.41636 2.62104 -1.34358 1.49806 0.34212 13.13887 14.97905
1.26000 -0.16747 -0.41455 2.60730 -1.40372 1.56935 0.35782 12.91712 14.84429
1.27000 -0.17160 -0.41274 2.59297 -1.46260 1.64230 0.37361 12.68778 14.70368
1.28000 -0.17572 -0.41094 2.57806 -1.52015 1.71661 0.38945 12.45130 14.55737
1.29000 -0.17982 -0.40913 2.56257 -1.57631 1.79197 0.40534 12.20816 14.40547
1.30000 -0.18390 -0.40731 2.54653 -1.63103 1.86805 0.42125 11.95884 14.24814
1.31000 -0.18797 -0.40547 2.52996 -1.68426 1.94452 0.43715 11.70384 14.08552
1.32000 -0.19201 -0.40361 2.51285 -1.73594 2.02107 0.45303 11.44364 13.91774
1.33000 -0.19604 -0.40172 2.49524 -1.78603 2.09735 0.46886 11.17876 13.74498
1.34000 -0.20005 -0.39980 2.47714 -1.83448 2.17305 0.48462 10.90970 13.56738
1.35000 -0.20403 -0.39783 2.45856 -1.88124 2.24784 0.50029 10.63698 13.38511
1.36000 -0.20800 -0.39580 2.43952 -1.92626 2.32140 0.51584 10.36110 13.19834
1.37000 -0.21195 -0.39372 2.42004 -1.96951 2.39341 0.53126 10.08257 13.00723
1.38000 -0.21588 -0.39156 2.40014 -2.01094 2.46356 0.54651 9.80191 12.81198
1.39000 -0.21978 -0.38933 2.37983 -2.05052 2.53154 0.56159 9.51962 12.61275
1.40000 -0.22366 -0.38700 2.35913 -2.08820 2.59707 0.57646 9.23620 12.40973
1.41000 -0.22752 -0.38458 2.33807 -2.12395 2.65984 0.59111 8.95215 12.20310
1.42000 -0.23135 -0.38204 2.31666 -2.15775 2.71960 0.60551 8.66796 11.99307
1.43000 -0.23516 -0.37939 2.29492 -2.18954 2.77607 0.61964 8.38411 11.77982
1.44000 -0.23894 -0.37660 2.27288 -2.21931 2.82901 0.63348 8.10106 11.56355
1.45000 -0.24269 -0.37366 2.25054 -2.24703 2.87817 0.64701 7.81928 11.34446
1.46000 -0.24641 -0.37057 2.22794 -2.27268 2.92334 0.66020 7.53921 11.12275
1.47000 -0.25010 -0.36730 2.20510 -2.29622 2.96431 0.67304 7.26128 10.89863
1.48000 -0.25376 -0.36384 2.18202 -2.31765 3.00088 0.68551 6.98591 10.67230
1.49000 -0.25738 -0.36018 2.15875 -2.33693 3.03289 0.69758 6.71350 10.44397
1.50000 -0.26096 -0.35629 2.13529 -2.35405 3.06018 0.70923 6.44445 10.21386
1.51000 -0.26450 -0.35217 2.11168 -2.36900 3.08262 0.72044 6.17912 9.98218
1.52000 -0.26801 -0.34780 2.08792 -2.38177 3.10008 0.73120 5.91785 9.74914
1.53000 -0.27146 -0.34315 2.06405 -2.39234 3.11248 0.74148 5.66099 9.51495
1.54000 -0.27487 -0.33822 2.04008 -2.40070 3.11972 0.75127 5.40884 9.27983
1.55000 -0.27822 -0.33297 2.01604 -2.40685 3.12177 0.76054 5.16170 9.04400
1.56000 -0.28153 -0.32738 1.99195 -2.41078 3.11857 0.76928 4.91984 8.80768
1.57000 -0.28477 -0.32144 1.96783 -2.41249 3.11012 0.77746 4.68350 8.57108
1.58000 -0.28795 -0.31513 1.94371 -2.41198 3.09642 0.78507 4.45293 8.33442
1.59000 -0.29107 -0.30841 1.91960 -2.40925 3.07750 0.79210 4.22833 8.09792
1.60000 -0.29412 -0.30127 1.89553 -2.40431 3.05340 0.79852 4.00988 7.86180
1.61000 -0.29709 -0.29368 1.87152 -2.39715 3.02420 0.80432 3.79775 7.62627
1.62000 -0.29999 -0.28562 1.84760 -2.38778 2.98998 0.80948 3.59209 7.39155
1.63000 -0.30281 -0.27706 1.82377 -2.37622 2.95086 0.81399 3.39302 7.15786
1.64000 -0.30553 -0.26797 1.80008 -2.36246 2.90696 0.81782 3.20063 6.92541
1.65000 -0.30816 -0.25833 1.77653 -2.34654 2.85843 0.82098 3.01501 6.69442
1.66000 -0.31070 -0.24811 1.75315 -2.32845 2.80544 0.82344 2.83621 6.46509
1.67000 -0.31312 -0.23729 1.72997 -2.30821 2.74817 0.82520 2.66428 6.23764
1.68000 -0.31544 -0.22583 1.70700 -2.28584 2.68683 0.82623 2.49923 6.01229
1.69000 -0.31764 -0.21372 1.68426 -2.26135 2.62164 0.82653 2.34106 5.78923
1.70000 -0.31971 -0.20092 1.66178 -2.23477 2.55284 0.82609 2.18975 5.56868
1.71000 -0.32165 -0.18741 1.63957 -2.20612 2.48068 0.82490 2.04526 5.35084
1.72000 -0.32346 -0.17317 1.61766 -2.17541 2.40543 0.82294 1.90753 5.13591
1.73000 -0.32511 -0.15817 1.59607 -2.14266 2.32736 0.82023 1.77650 4.92409
1.74000 -0.32662 -0.14239 1.57482 -2.10791 2.24678 0.81674 1.65207 4.71558
1.75000 -0.32796 -0.12581 1.55392 -2.07117 2.16397 0.81248 1.53413 4.51058
1.76000 -0.32913 -0.10842 1.53340 -2.03246 2.07927 0.80744 1.42257 4.30928
1.77000 -0.33013 -0.09020 1.51328 -1.99183 1.99300 0.80162 1.31726 4.11188
1.78000 -0.33093 -0.07114 1.49357 -1.94928 1.90548 0.79502 1.21805 3.91855
1.79000 -0.33155 -0.05123 1.47430 -1.90484 1.81706 0.78764 1.12479 3.72949
1.80000 -0.33195 -0.03047 1.45548 -1.85855 1.72809 0.77949 1.03730 3.54488
1.81000 -0.33215 -0.00885 1.43713 -1.81043 1.63891 0.77057 0.95542 3.36490
1.82000 -0.33213 0.01360 1.41928 -1.76051 1.54988 0.76089 0.87896 3.18973
1.83000 -0.33188 0.03689 1.40193 -1.70881 1.46136 0.75046 0.80773 3.01955
1.84000 -0.33139 0.06099 1.38511 -1.65537 1.37370 0.73929 0.74153 2.85452
1.85000 -0.33065 0.08588 1.36883 -1.60022 1.28726 0.72740 0.68016 2.69482
1.86000 -0.32967 0.11153 1.35311 -1.54337 1.20239 0.71480 0.62342 2.54061
1.87000 -0.32842 0.13790 1.33796 -1.48488 1.11945 0.70152 0.57110 2.39206
1.88000 -0.32691 0.16493 1.32341 -1.42475 1.03879 0.68756 0.52298 2.24933
1.89000 -0.32512 0.19259 1.30947 -1.36304 0.96074 0.67297 0.47887 2.11258
1.90000 -0.32305 0.22079 1.29616 -1.29977 0.88565 0.65776 0.43855 1.98196
1.91000 -0.32070 0.24947 1.28348 -1.23497 0.81384 0.64196 0.40182 1.85762
1.92000 -0.31806 0.27855 1.27146 -1.16868 0.74563 0.62561 0.36846 1.73970
1.93000 -0.31513 0.30794 1.26011 -1.10094 0.68132 0.60874 0.33830 1.62837
1.94000 -0.31190 0.33754 1.24945 -1.03179 0.62123 0.59139 0.31113 1.52375
1.95000 -0.30838 0.36724 1.23948 -0.96127 0.56561 0.57360 0.28676 1.42597
1.96000 -0.30456 0.39693 1.23023 -0.88941 0.51476 0.55540 0.26503 1.33519
1.97000 -0.30044 0.42650 1.22170 -0.81628 0.46891 0.53685 0.24575 1.25151
1.98000 -0.29603 0.45582 1.21391 -0.74192 0.42830 0.51799 0.22878 1.17507
1.99000 -0.29133 0.48475 1.20687 -0.66637 0.39316 0.49887 0.21397 1.10599
2.00000 -0.28634 0.51317 1.20058 -0.58970 0.36367 0.47953 0.20117 1.04437
2.01000 -0.28107 0.54095 1.19507 -0.51197 0.34002 0.46003 0.19027 0.99032
2.02000 -0.27552 0.56794 1.19035 -0.43325 0.32237 0.44042 0.18116 0.94395
2.03000 -0.26971 0.59401 1.18641 -0.35359 0.31084 0.42076 0.17375 0.90535
2.04000 -0.26364 0.61904 1.18328 -0.27307 0.30556 0.40109 0.16796 0.87461
2.05000 -0.25733 0.64290 1.18095 -0.19178 0.30660 0.38147 0.16372 0.85180
2.06000 -0.25079 0.66546 1.17945 -0.10979 0.31404 0.36196 0.16100 0.83700
2.07000 -0.24403 0.68662 1.17876 -0.02719 0.32790 0.34260 0.15978 0.83028
2.08000 -0.23706 0.70628 1.17890 0.05593 0.34820 0.32345 0.16003 0.83168
2.09000 -0.22991 0.72434 1.17988 0.13947 0.37492 0.30456 0.16178 0.84127
2.10000 -0.22258 0.74072 1.18169 0.22334 0.40802 0.28597 0.16506 0.85906
2.11000 -0.21510 0.75537 1.18435 0.30742 0.44743 0.26774 0.16992 0.88509
2.12000 -0.20748 0.76822 1.18784 0.39162 0.49304 0.24991 0.17642 0.91938
2.13000 -0.19974 0.77925 1.19218 0.47583 0.54474 0.23253 0.18467 0.96193
2.14000 -0.19190 0.78843 1.19736 0.55993 0.60236 0.21562 0.19475 1.01273
2.15000 -0.18398 0.79576 1.20338 0.64380 0.66574 0.19923 0.20681 1.07178
2.16000 -0.17599 0.80124 1.21023 0.72734 0.73466 0.18339 0.22099 1.13904
2.17000 -0.16796 0.80489 1.21792 0.81043 0.80888 0.16813 0.23745 1.21447
2.18000 -0.15990 0.80676 1.22644 0.89294 0.88816 0.15348 0.25638 1.29802
2.19000 -0.15183 0.80688 1.23578 0.97476 0.97222 0.13946 0.27796 1.38964
2.20000 -0.14377 0.80533 1.24593 1.05578 1.06073 0.12610 0.30242 1.48925
2.21000 -0.13573 0.80217 1.25689 1.13587 1.15338 0.11340 0.32997 1.59675
2.22000 -0.12773 0.79749 1.26865 1.21493 1.24983 0.10138 0.36086 1.71207
2.23000 -0.11978 0.79136 1.28119 1.29285 1.34970 0.09006 0.39533 1.83509
2.24000 -0.11191 0.78387 1.29450 1.36950 1.45260 0.07943 0.43365 1.96569
2.25000 -0.10411 0.77514 1.30857 1.44479 1.55814 0.06951 0.47609 2.10374
2.26000 -0.09641 0.76526 1.32339 1.51861 1.66591 0.06029 0.52291 2.24911
2.27000 -0.08881 0.75432 1.33894 1.59087 1.77547 0.05176 0.57440 2.40164
2.28000 -0.08132 0.74244 1.35520 1.66146 1.88640 0.04394 0.63085 2.56118
2.29000 -0.07396 0.72971 1.37216 1.73029 1.99823 0.03680 0.69253 2.72756
2.30000 -0.06673 0.71623 1.38980 1.79727 2.11053 0.03035 0.75973 2.90060
2.31000 -0.05964 0.70210 1.40810 1.86232 2.22282 0.02456 0.83274 3.08012
2.32000 -0.05269 0.68742 1.42704 1.92536 2.33467 0.01943 0.91183 3.26592
2.33000 -0.04589 0.67228 1.44660 1.98631 2.44560 0.01494 0.99727 3.45781
2.34000 -0.03925 0.65675 1.46676 2.04509 2.55516 0.01108 1.08933 3.65557
2.35000 -0.03276 0.64092 1.48750 2.10163 2.66289 0.00783 1.18827 3.85898
2.36000 -0.02643 0.62487 1.50879 2.15588 2.76835 0.00517 1.29432 4.06783
2.37000 -0.02026 0.60867 1.53061 2.20777 2.87109 0.00308 1.40772 4.28189
2.38000 -0.01426 0.59237 1.55293 2.25724 2.97069 0.00155 1.52868 4.50092
2.39000 -0.00842 0.57605 1.57574 2.30424 3.06673 0.00055 1.65740 4.72468
2.40000 -0.00274 0.55974 1.59901 2.34873 3.15880 0.00006 1.79407 4.95293
2.41000 0.00278 0.54351 1.62271 2.39065 3.24652 0.00006 1.93883 5.18542
2.42000 0.00813 0.52739 1.64681 2.42996 3.32951 0.00053 2.09184 5.42189
2.43000 0.01333 0.51142 1.67130 2.46663 3.40742 0.00146 2.25321 5.66209
2.44000 0.01836 0.49564 1.69614 2.50061 3.47991 0.00281 2.42304 5.90575
2.45000 0.02324 0.48008 1.72130 2.53189 3.54667 0.00456 2.60139 6.15262
2.46000 0.02797 0.46476 1.74677 2.56043 3.60742 0.00670 2.78830 6.40242
2.47000 0.03254 0.44970 1.77250 2.58620 3.66188 0.00920 2.98380 6.65488
2.48000 0.03696 0.43492 1.79848 2.60918 3.70983 0.01205 3.18786 6.90974
2.49000 0.04124 0.42043 1.82468 2.62937 3.75104 0.01522 3.40046 7.16671
2.50000 0.04537 0.40625 1.85106 2.64673 3.78534 0.01869 3.62151 7.42553
2.51000 0.04936 0.39239 1.87760 2.66126 3.81255 0.02244 3.85092 7.68591
2.52000 0.05322 0.37885 1.90427 2.67295 3.83256 0.02645 4.08857 7.94758
2.53000 0.05694 0.36564 1.93105 2.68179 3.84527 0.03070 4.33428 8.21025
2.54000 0.06053 0.35276 1.95790 2.68778 3.85060 0.03518 4.58787 8.47365
2.55000 0.06400 0.34021 1.98480 2.69092 3.84851 0.03986 4.84913 8.73750
2.56000 0.06734 0.32799 2.01171 2.69122 3.83900 0.04473 5.11779 9.00152
2.57000 0.07056 0.31609 2.03861 2.68867 3.82209 0.04976 5.39357 9.26542
2.58000 0.07366 0.30453 2.06547 2.68328 3.79782 0.05495 5.67617 9.52894
2.59000 0.07665 0.29328 2.09227 2.67508 3.76628 0.06026 5.96525 9.79179
2.60000 0.07953 0.28234 2.11897 2.66406 3.72757 0.06570 6.26043 10.05370
2.61000 0.08230 0.27172 2.14554 2.65025 3.68184 0.07124 6.56131 10.31439
2.62000 0.08496 0.26140 2.17196 2.63366 3.62925 0.07686 6.86747 10.57359
2.63000 0.08753 0.25137 2.19820 2.61432 3.57001 0.08255 7.17847 10.83102
2.64000 0.08999 0.24164 2.22424 2.59226 3.50432 0.08829 7.49381 11.08643
2.65000 0.09236 0.23218 2.25004 2.56749 3.43245 0.09408 7.81300 11.33953
2.66000 0.09464 0.22299 2.27558 2.54005 3.35467 0.09989 8.13552 11.59008
2.67000 0.09682 0.21407 2.30083 2.50997 3.27127 0.10571 8.46082 11.83781
2.68000 0.09892 0.20541 2.32577 2.47728 3.18258 0.11153 8.78834 12.08245
2.69000 0.10093 0.19699 2.35037 2.44203 3.08894 0.11734 9.11749 12.32376
2.70000 0.10286 0.18881 2.37460 2.40425 2.99071 0.12312 9.44767 12.56149
2.71000 0.10471 0.18085 2.39845 2.36398 2.88828 0.12886 9.77826 12.79540
2.72000 0.10648 0.17312 2.42187 2.32127 2.78204 0.13455 10.10863 13.02523
2.73000 0.10817 0.16560 2.44486 2.27616 2.67242 0.14018 10.43815 13.25075
2.74000 0.10979 0.15829 2.46739 2.22871 2.55984 0.14573 10.76616 13.47173
2.75000 0.11134 0.15117 2.48943 2.17896 2.44474 0.15120 11.09201 13.68795
2.76000 0.11281 0.14424 2.51096 2.12696 2.32757 0.15658 11.41502 13.89917
2.77000 0.11422 0.13748 2.53196 2.07278 2.20880 0.16185 11.73454 14.10519
2.78000 0.11556 0.13090 2.55241 2.01647 2.08889 0.16701 12.04988 14.30578
2.79000 0.11684 0.12448 2.57228 1.95808 1.96831 0.17205 12.36039 14.50075
2.80000 0.11805 0.11822 2.59156 1.89769 1.84755 0.17695 12.66539 14.68989
2.81000 0.11920 0.11210 2.61023 1.83535 1.72707 0.18172 12.96423 14.87301
2.82000 0.12030 0.10612 2.62827 1.77113 1.60735 0.18633 13.25625 15.04993
2.83000 0.12133 0.10028 2.64565 1.70509 1.48887 0.19079 13.54079 15.22045
2.84000 0.12230 0.09456 2.66236 1.63731 1.37209 0.19509 13.81723 15.38441
2.85000 0.12322 0.08896 2.67839 1.56786 1.25747 0.19921 14.08495 15.54164
2.86000 0.12408 0.08347 2.69371 1.49680 1.14548 0.20316 14.34333 15.69197
2.87000 0.12489 0.07809 2.70832 1.42421 1.03654 0.20693 14.59178 15.83526
2.88000 0.12564 0.07280 2.72219 1.35016 0.93110 0.21051 14.82974 15.97135
2.89000 0.12635 0.06761 2.73532 1.27473 0.82957 0.21389 15.05665 16.10011
2.90000 0.12700 0.06250 2.74768 1.19801 0.73236 0.21707 15.27198 16.22141
2.91000 0.12760 0.05747 2.75927 1.12006 0.63984 0.22005 15.47523 16.33512
2.92000 0.12815 0.05252 2.77008 1.04097 0.55239 0.22282 15.66593 16.44113
2.93000 0.12865 0.04763 2.78009 0.96081 0.47035 0.22537 15.84361 16.53933
2.94000 0.12910 0.04280 2.78929 0.87968 0.39405 0.22770 16.00786 16.62961
2.95000 0.12950 0.03803 2.79768 0.79765 0.32379 0.22982 16.15828 16.71189
2.96000 0.12986 0.03331 2.80524 0.71481 0.25984 0.23171 16.29453 16.78608
2.97000 0.13017 0.02863 2.81197 0.63124 0.20248 0.23337 16.41626 16.85211
2.98000 0.13043 0.02400 2.81787 0.54703 0.15191 0.23481 16.52320 16.90991
2.99000 0.13065 0.01939 2.82291 0.46226 0.10834 0.23601 16.61507 16.95942
3.00000 0.13082 0.01481 2.82711 0.37703 0.07195 0.23698 16.69166 17.00059
3.01000 0.13095 0.01026 2.83045 0.29141 0.04288 0.23771 16.75279 17.03338
3.02000 0.13103 0.00572 2.83294 0.20549 0.02124 0.23821 16.79830 17.05776
3.03000 0.13106 0.00119 2.83456 0.11937 0.00713 0.23847 16.82809 17.07369
3.04000 0.13105 -0.00333 2.83532 0.03313 0.00059 0.23850 16.84208 17.08117
3.05000 0.13099 -0.00785 2.83522 -0.05315 0.00166 0.23829 16.84024 17.08019
3.06000 0.13089 -0.01238 2.83426 -0.13937 0.01033 0.23784 16.82258 17.07075
3.07000 0.13075 -0.01691 2.83244 -0.22544 0.02656 0.23716 16.78914 17.05285
3.08000 0.13055 -0.02147 2.82975 -0.31128 0.05029 0.23624 16.73999 17.02652
3.09000 0.13032 -0.02604 2.82621 -0.39681 0.08143 0.23508 16.67527 16.99179
3.10000 0.13003 -0.03063 2.82182 -0.48192 0.11986 0.23370 16.59512 16.94868
3.11000 0.12970 -0.03526 2.81658 -0.56654 0.16542 0.23209 16.49974 16.89725
3.12000 0.12933 -0.03993 2.81049 -0.65059 0.21793 0.23025 16.38937 16.83755
3.13000 0.12890 -0.04464 2.80357 -0.73396 0.27718 0.22818 16.26426 16.76963
3.14000 0.12843 -0.04940 2.79581 -0.81659 0.34294 0.22590 16.12473 16.69357
3.15000 0.12792 -0.05421 2.78724 -0.89838 0.41495 0.22339 15.97109 16.60944
3.16000 0.12735 -0.05908 2.77785 -0.97925 0.49293 0.22068 15.80373 16.51734
3.17000 0.12673 -0.06401 2.76766 -1.05911 0.57655 0.21775 15.62304 16.41735
3.18000 0.12607 -0.06902 2.75667 -1.13790 0.66550 0.21462 15.42945 16.30957
3.19000 0.12535 -0.07410 2.74490 -1.21552 0.75943 0.21129 15.22342 16.19413
3.20000 0.12459 -0.07927 2.73236 -1.29189 0.85795 0.20776 15.00542 16.07113
3.21000 0.12377 -0.08453 2.71907 -1.36694 0.96067 0.20404 14.77599 15.94070
3.22000 0.12290 -0.08988 2.70503 -1.44059 1.06720 0.20014 14.53563 15.80298
3.23000 0.12197 -0.09533 2.69026 -1.51276 1.17712 0.19607 14.28492 15.65811
3.24000 0.12099 -0.10090 2.67478 -1.58339 1.28997 0.19182 14.02444 15.50623
3.25000 0.11995 -0.10658 2.65860 -1.65239 1.40533 0.18741 13.75476 15.34750
3.26000 0.11886 -0.11238 2.64174 -1.71969 1.52273 0.18284 13.47651 15.18209
3.27000 0.11770 -0.11831 2.62421 -1.78523 1.64172 0.17812 13.19032 15.01016
3.28000 0.11649 -0.12438 2.60604 -1.84893 1.76181 0.17326 12.89681 14.83188
3.29000 0.11522 -0.13060 2.58724 -1.91074 1.88254 0.16827 12.59664 14.64746
3.30000 0.11388 -0.13696 2.56783 -1.97058 2.00343 0.16316 12.29047 14.45706
3.31000 0.11248 -0.14349 2.54783 -2.02839 2.12400 0.15793 11.97896 14.26090
3.32000 0.11101 -0.15018 2.52727 -2.08411 2.24379 0.15260 11.66277 14.05916
3.33000 0.10947 -0.15704 2.50616 -2.13769 2.36231 0.14717 11.34258 13.85206
3.34000 0.10787 -0.16409 2.48452 -2.18907 2.47911 0.14166 11.01905 13.63982
3.35000 0.10619 -0.17133 2.46239 -2.23818 2.59372 0.13607 10.69286 13.42264
3.36000 0.10444 -0.17877 2.43977 -2.28498 2.70569 0.13041 10.36466 13.20076
3.37000 0.10261 -0.18641 2.41669 -2.32943 2.81459 0.12471 10.03511 12.97441
3.38000 0.10071 -0.19427 2.39319 -2.37146 2.91999 0.11896 9.70485 12.74381
3.39000 0.09873 -0.20236 2.36927 -2.41104 3.02148 0.11318 9.37454 12.50921
3.40000 0.09666 -0.21068 2.34497 -2.44812 3.11867 0.10739 9.04479 12.27084
3.41000 0.09451 -0.21923 2.32032 -2.48265 3.21117 0.10159 8.71621 12.02897
3.42000 0.09228 -0.22804 2.29533 -2.51461 3.29863 0.09580 8.38940 11.78383
3.43000 0.08995 -0.23711 2.27004 -2.54396 3.38071 0.09003 8.06495 11.53569
3.44000 0.08753 -0.24644 2.24446 -2.57065 3.45709 0.08430 7.74341 11.28479
3.45000 0.08502 -0.25604 2.21863 -2.59466 3.52748 0.07862 7.42531 11.03141
3.46000 0.08241 -0.26593 2.19258 -2.61597 3.59162 0.07300 7.11119 10.77581
3.47000 0.07970 -0.27610 2.16632 -2.63453 3.64926 0.06746 6.80153 10.51825
3.48000 0.07689 -0.28657 2.13989 -2.65034 3.70019 0.06202 6.49680 10.25900
3.49000 0.07397 -0.29734 2.11332 -2.66337 3.74421 0.05669 6.19745 9.99834
3.50000 0.07094 -0.30842 2.08664 -2.67360 3.78116 0.05149 5.90389 9.73654
3.51000 0.06780 -0.31982 2.05986 -2.68102 3.81092 0.04643 5.61653 9.47388
3.52000 0.06454 -0.33153 2.03303 -2.68561 3.83338 0.04153 5.33571 9.21062
3.53000 0.06117 -0.34356 2.00616 -2.68736 3.84847 0.03681 5.06177 8.94705
3.54000 0.05767 -0.35592 1.97929 -2.68627 3.85615 0.03228 4.79502 8.68345
3.55000 0.05405 -0.36860 1.95244 -2.68233 3.85640 0.02797 4.53573 8.42010
3.56000 0.05030 -0.38160 1.92565 -2.67554 3.84924 0.02389 4.28415 8.15727
3.57000 0.04642 -0.39493 1.89894 -2.66590 3.83471 0.02006 4.04048 7.89525
3.58000 0.04240 -0.40857 1.87234 -2.65342 3.81291 0.01651 3.80490 7.63432
3.59000 0.03824 -0.42253 1.84588 -2.63810 3.78392 0.01324 3.57758 7.37474
3.60000 0.03395 -0.43678 1.81959 -2.61995 3.74789 0.01028 3.35864 7.11681
3.61000 0.02951 -0.45134 1.79349 -2.59899 3.70499 0.00766 3.14815 6.86080
3.62000 0.02492 -0.46617 1.76762 -2.57523 3.65540 0.00538 2.94620 6.60698
3.63000 0.02018 -0.48126 1.74200 -2.54870 3.59935 0.00348 2.75280 6.35563
3.64000 0.01529 -0.49660 1.71665 -2.51941 3.53708 0.00197 2.56797 6.10702
3.65000 0.01025 -0.51216 1.69162 -2.48739 3.46886 0.00087 2.39168 5.86141
3.66000 0.00505 -0.52790 1.66692 -2.45268 3.39499 0.00021 2.22388 5.61908
3.67000 -0.00031 -0.54381 1.64257 -2.41530 3.31578 0.00000 2.06450 5.38029
3.68000 -0.00583 -0.55984 1.61862 -2.37529 3.23157 0.00027 1.91344 5.14529
3.69000 -0.01151 -0.57595 1.59508 -2.33270 3.14272 0.00104 1.77058 4.91434
3.70000 -0.01735 -0.59210 1.57197 -2.28755 3.04961 0.00232 1.63577 4.68769
3.71000 -0.02335 -0.60823 1.54933 -2.23991 2.95262 0.00414 1.50884 4.46560
3.72000 -0.02951 -0.62430 1.52718 -2.18983 2.85217 0.00652 1.38961 4.24830
3.73000 -0.03583 -0.64023 1.50554 -2.13735 2.74868 0.00948 1.27788 4.03604
3.74000 -0.04231 -0.65596 1.48444 -2.08254 2.64257 0.01303 1.17343 3.82903
3.75000 -0.04895 -0.67142 1.46390 -2.02546 2.53429 0.01720 1.07602 3.62752
3.76000 -0.05574 -0.68653 1.44394 -1.96618 2.42429 0.02200 0.98542 3.43171
3.77000 -0.06268 -0.70122 1.42459 -1.90477 2.31301 0.02744 0.90136 3.24182
3.78000 -0.06976 -0.71538 1.40585 -1.84130 2.20093 0.03355 0.82358 3.05806
3.79000 -0.07699 -0.72894 1.38777 -1.77585 2.08849 0.04032 0.75181 2.88062
3.80000 -0.08434 -0.74179 1.37034 -1.70851 1.97615 0.04778 0.68577 2.70970
3.81000 -0.09182 -0.75383 1.35360 -1.63937 1.86436 0.05594 0.62517 2.54547
3.82000 -0.09941 -0.76498 1.33756 -1.56851 1.75359 0.06479 0.56974 2.38811
3.83000 -0.10712 -0.77513 1.32224 -1.49603 1.64426 0.07434 0.51918 2.23778
3.84000 -0.11491 -0.78416 1.30765 -1.42202 1.53681 0.08460 0.47323 2.09464
3.85000 -0.12279 -0.79200 1.29380 -1.34660 1.43166 0.09557 0.43160 1.95883
3.86000 -0.13075 -0.79853 1.28072 -1.26987 1.32923 0.10724 0.39401 1.83048
3.87000 -0.13876 -0.80367 1.26841 -1.19192 1.22991 0.11960 0.36021 1.70972
3.88000 -0.14682 -0.80731 1.25688 -1.11289 1.13407 0.13265 0.32994 1.59666
3.89000 -0.15490 -0.80940 1.24615 -1.03287 1.04208 0.14637 0.30296 1.49140
3.90000 -0.16300 -0.80983 1.23623 -0.95198 0.95427 0.16075 0.27902 1.39404
3.91000 -0.17109 -0.80857 1.22712 -0.87034 0.87098 0.17576 0.25791 1.30465
3.92000 -0.17916 -0.80554 1.21882 -0.78806 0.79249 0.19139 0.23942 1.22330
3.93000 -0.18720 -0.80070 1.21136 -0.70526 0.71908 0.20761 0.22336 1.15005
3.94000 -0.19517 -0.79403 1.20472 -0.62206 0.65101 0.22438 0.20955 1.08494
3.95000 -0.20307 -0.78551 1.19892 -0.53858 0.58849 0.24168 0.19784 1.02801
3.96000 -0.21088 -0.77514 1.19395 -0.45492 0.53174 0.25946 0.18808 0.97928
3.97000 -0.21857 -0.76294 1.18982 -0.37120 0.48091 0.27769 0.18015 0.93876
3.98000 -0.22613 -0.74892 1.18652 -0.28754 0.43616 0.29633 0.17396 0.90645
3.99000 -0.23354 -0.73314 1.18407 -0.20403 0.39760 0.31533 0.16940 0.88234
4.00000 -0.24079 -0.71565 1.18244 -0.12078 0.36533 0.33465 0.16643 0.86641
4.01000 -0.24785 -0.69652 1.18165 -0.03790 0.33942 0.35422 0.16498 0.85863
4.02000 -0.25471 -0.67584 1.18168 0.04453 0.31990 0.37402 0.16504 0.85896
4.03000 -0.26136 -0.65370 1.18254 0.12640 0.30677 0.39397 0.16660 0.86734
4.04000 -0.26778 -0.63021 1.18421 0.20763 0.30004 0.41403 0.16967 0.88373
4.05000 -0.27396 -0.60548 1.18669 0.28814 0.29965 0.43415 0.17426 0.90806
4.06000 -0.27989 -0.57964 1.18997 0.36785 0.30554 0.45426 0.18044 0.94024
4.07000 -0.28555 -0.55281 1.19404 0.44669 0.31762 0.47432 0.18826 0.98020
4.08000 -0.29094 -0.52513 1.19890 0.52458 0.33577 0.49427 0.19781 1.02785
4.09000 -0.29605 -0.49672 1.20453 0.60145 0.35987 0.51406 0.20917 1.08309
4.10000 -0.30087 -0.46773 1.21093 0.67726 0.38974 0.53364 0.22245 1.14582
4.11000 -0.30540 -0.43829 1.21807 0.75193 0.42521 0.55295 0.23778 1.21593
4.12000 -0.30964 -0.40852 1.22596 0.82543 0.46608 0.57194 0.25529 1.29331
4.13000 -0.31357 -0.37856 1.23458 0.89769 0.51213 0.59057 0.27513 1.37784
4.14000 -0.31721 -0.34853 1.24391 0.96867 0.56314 0.60880 0.29746 1.46940
4.15000 -0.32054 -0.31854 1.25395 1.03832 0.61883 0.62657 0.32244 1.56785
4.16000 -0.32358 -0.28871 1.26467 1.10662 0.67896 0.64386 0.35026 1.67307
4.17000 -0.32632 -0.25914 1.27607 1.17350 0.74323 0.66061 0.38108 1.78492
4.18000 -0.32876 -0.22993 1.28814 1.23895 0.81136 0.67679 0.41512 1.90326
4.19000 -0.33092 -0.20115 1.30085 1.30292 0.88303 0.69238 0.45255 2.02796
4.20000 -0.33279 -0.17289 1.31419 1.36538 0.95794 0.70733 0.49358 2.15885
4.21000 -0.33438 -0.14521 1.32815 1.42629 1.03575 0.72163 0.53841 2.29579
4.22000 -0.33570 -0.11819 1.34271 1.48563 1.11614 0.73524 0.58725 2.43863
4.23000 -0.33675 -0.09186 1.35786 1.54336 1.19876 0.74815 0.64031 2.58722
4.24000 -0.33754 -0.06628 1.37357 1.59946 1.28328 0.76033 0.69778 2.74139
4.25000 -0.33807 -0.04148 1.38984 1.65389 1.36933 0.77177 0.75988 2.90098
4.26000 -0.33837 -0.01749 1.40664 1.70662 1.45658 0.78244 0.82680 3.06583
4.27000 -0.33843 0.00566 1.42397 1.75763 1.54467 0.79235 0.89874 3.23576
4.28000 -0.33826 0.02797 1.44179 1.80689 1.63324 0.80148 0.97590 3.41062
4.29000 -0.33787 0.04941 1.46010 1.85437 1.72195 0.80981 1.05846 3.59022
4.30000 -0.33727 0.07000 1.47887 1.90004 1.81044 0.81735 1.14660 3.77438
4.31000 -0.33647 0.08972 1.49809 1.94388 1.89836 0.82409 1.24049 3.96294
4.32000 -0.33548 0.10858 1.51774 1.98585 1.98538 0.83003 1.34030 4.15571
4.33000 -0.33430 0.12660 1.53780 2.02594 2.07117 0.83517 1.44617 4.35251
4.34000 -0.33295 0.14378 1.55826 2.06411 2.15538 0.83950 1.55825 4.55314
4.35000 -0.33143 0.16014 1.57908 2.10035 2.23771 0.84304 1.67667 4.75742
4.36000 -0.32975 0.17570 1.60026 2.13462 2.31783 0.84579 1.80154 4.96516
4.37000 -0.32792 0.19047 1.62177 2.16691 2.39545 0.84775 1.93297 5.17617
4.38000 -0.32594 0.20449 1.64359 2.19718 2.47029 0.84893 2.07103 5.39025
4.39000 -0.32383 0.21777 1.66570 2.22543 2.54205 0.84933 2.21581 5.60719
4.40000 -0.32159 0.23034 1.68809 2.25162 2.61049 0.84898 2.36734 5.82681
4.41000 -0.31923 0.24222 1.71073 2.27574 2.67534 0.84787 2.52568 6.04889
4.42000 -0.31675 0.25345 1.73360 2.29776 2.73638 0.84602 2.69083 6.27324
4.43000 -0.31416 0.26405 1.75668 2.31768 2.79339 0.84345 2.86280 6.49964
4.44000 -0.31147 0.27404 1.77994 2.33547 2.84617 0.84016 3.04157 6.72790
4.45000 -0.30868 0.28345 1.80338 2.35112 2.89452 0.83617 3.22709 6.95779
4.46000 -0.30580 0.29232 1.82696 2.36461 2.93830 0.83150 3.41931 7.18911
4.47000 -0.30284 0.30066 1.85066 2.37594 2.97735 0.82616 3.61815 7.42166
4.48000 -0.29979 0.30850 1.87447 2.38509 3.01154 0.82016 3.82350 7.65520
4.49000 -0.29667 0.31588 1.89836 2.39206 3.04077 0.81353 4.03524 7.88954
4.50000 -0.29347 0.32281 1.92231 2.39684 3.06494 0.80628 4.25323 8.12445
4.51000 -0.29021 0.32931 1.94629 2.39942 3.08400 0.79842 4.47731 8.35973
4.52000 -0.28689 0.33542 1.97029 2.39980 3.09789 0.78998 4.70728 8.59515
4.53000 -0.28351 0.34116 1.99428 2.39797 3.10658 0.78098 4.94293 8.83050
4.54000 -0.28007 0.34654 2.01824 2.39395 3.11008 0.77143 5.18405 9.06556
4.55000 -0.27658 0.35159 2.04215 2.38773 3.10839 0.76136 5.43037 9.30012
4.56000 -0.27304 0.35634 2.06599 2.37931 3.10156 0.75078 5.68163 9.53396
4.57000 -0.26945 0.36079 2.08973 2.36871 3.08963 0.73971 5.93753 9.76687
4.58000 -0.26582 0.36498 2.11335 2.35593 3.07268 0.72817 6.19777 9.99863
4.59000 -0.26215 0.36891 2.13684 2.34099 3.05082 0.71619 6.46201 10.22903
4.60000 -0.25844 0.37261 2.16017 2.32388 3.02415 0.70379 6.72992 10.45786
4.61000 -0.25470 0.37610 2.18331 2.30464 2.99282 0.69098 7.00111 10.68491
4.62000 -0.25092 0.37938 2.20625 2.28327 2.95696 0.67779 7.27521 10.90996
4.63000 -0.24711 0.38248 2.22897 2.25980 2.91676 0.66424 7.55181 11.13282
4.64000 -0.24327 0.38541 2.25144 2.23425 2.87240 0.65035 7.83051 11.35327
4.65000 -0.23941 0.38818 2.27365 2.20663 2.82409 0.63615 8.11087 11.57111
4.66000 -0.23551 0.39080 2.29557 2.17698 2.77204 0.62165 8.39246 11.78614
4.67000 -0.23159 0.39330 2.31718 2.14533 2.71649 0.60688 8.67480 11.99817
4.68000 -0.22765 0.39568 2.33847 2.11169 2.65768 0.59185 8.95745 12.20699
4.69000 -0.22368 0.39795 2.35941 2.07610 2.59589 0.57660 9.23993 12.41242
4.70000 -0.21969 0.40012 2.37998 2.03860 2.53137 0.56115 9.52175 12.61426
4.71000 -0.21568 0.40220 2.40017 1.99923 2.46441 0.54551 9.80241 12.81233
4.72000 -0.21164 0.40421 2.41996 1.95800 2.39531 0.52971 10.08143 13.00645
4.73000 -0.20759 0.40616 2.43933 1.91498 2.32436 0.51377 10.35830 13.19643
4.74000 -0.20352 0.40804 2.45825 1.87019 2.25187 0.49772 10.63252 13.38211
4.75000 -0.19943 0.40987 2.47672 1.82368 2.17816 0.48157 10.90357 13.56331
4.76000 -0.19532 0.41167 2.49472 1.77549 2.10354 0.46536 11.17096 13.73986
4.77000 -0.19120 0.41342 2.51223 1.72567 2.02833 0.44910 11.43418 13.91160
4.78000 -0.18705 0.41515 2.52923 1.67427 1.95285 0.43281 11.69272 14.07838
4.79000 -0.18289 0.41686 2.54571 1.62134 1.87744 0.41652 11.94608 14.24005
4.80000 -0.17872 0.41855 2.56165 1.56692 1.80241 0.40026 12.19378 14.39644
4.81000 -0.17452 0.42023 2.57704 1.51108 1.72808 0.38403 12.43532 14.54743
4.82000 -0.17031 0.42191 2.59187 1.45385 1.65477 0.36787 12.67023 14.69287
4.83000 -0.16609 0.42360 2.60612 1.39531 1.58280 0.35180 12.89803 14.83263
4.84000 -0.16184 0.42529 2.61977 1.33550 1.51247 0.33584 13.11828 14.96659
4.85000 -0.15758 0.42700 2.63282 1.27449 1.44408 0.32001 13.33053 15.09462
4.86000 -0.15330 0.42872 2.64526 1.21233 1.37793 0.30433 13.53434 15.21661
4.87000 -0.14901 0.43046 2.65706 1.14908 1.31430 0.28883 13.72931 15.33244
4.88000 -0.14469 0.43224 2.66823 1.08481 1.25346 0.27352 13.91504 15.44202
4.89000 -0.14036 0.43404 2.67876 1.01958 1.19568 0.25843 14.09113 15.54525
4.90000 -0.13601 0.43588 2.68862 0.95344 1.14121 0.24358 14.25724 15.64203
4.91000 -0.13164 0.43775 2.69782 0.88648 1.09027 0.22899 14.41302 15.73229
4.92000 -0.12726 0.43967 2.70635 0.81874 1.04310 0.21468 14.55815 15.81593
4.93000 -0.12285 0.44163 2.71420 0.75031 0.99989 0.20067 14.69234 15.89290
4.94000 -0.11842 0.44365 2.72135 0.68123 0.96085 0.18698 14.81530 15.96312
4.95000 -0.11398 0.44571 2.72782 0.61160 0.92613 0.17363 14.92679 16.02654
4.96000 -0.10951 0.44783 2.73358 0.54146 0.89590 0.16063 15.02658 16.08310
4.97000 -0.10502 0.45001 2.73865 0.47089 0.87029 0.14802 15.11446 16.13276
4.98000 -0.10051 0.45224 2.74300 0.39996 0.84942 0.13580 15.19026 16.17548
4.99000 -0.09597 0.45455 2.74664 0.32874 0.83339 0.12400 15.25384 16.21123
5.00000 -0.09142 0.45691 2.74958 0.25730 0.82227 0.11263 15.30507 16.23997
5.01000 -0.08684 0.45935 2.75179 0.18571 0.81614 0.10171 15.34385 16.26170
5.02000 -0.08223 0.46186 2.75329 0.11404 0.81503 0.09126 15.37012 16.27641
5.03000 -0.07760 0.46444 2.75407 0.04236 0.81895 0.08130 15.38383 16.28408
5.04000 -0.07294 0.46710 2.75414 -0.02926 0.82790 0.07184 15.38498 16.28472
5.05000 -0.06826 0.46983 2.75349 -0.10074 0.84187 0.06290 15.37358 16.27834
5.06000 -0.06354 0.47264 2.75212 -0.17203 0.86081 0.05449 15.34967 16.26496
5.07000 -0.05880 0.47554 2.75005 -0.24305 0.88465 0.04663 15.31332 16.24460
5.08000 -0.05403 0.47852 2.74726 -0.31372 0.91332 0.03933 15.26463 16.21729
5.09000 -0.04923 0.48158 2.74377 -0.38398 0.94671 0.03261 15.20374 16.18306
5.10000 -0.04440 0.48473 2.73958 -0.45376 0.98470 0.02649 15.13077 16.14197
5.11000 -0.03954 0.48797 2.73470 -0.52299 1.02716 0.02097 15.04593 16.09405
5.12000 -0.03464 0.49130 2.72913 -0.59161 1.07391 0.01606 14.94940 16.03937
5.13000 -0.02971 0.49472 2.72287 -0.65954 1.12480 0.01179 14.84141 15.97800
5.14000 -0.02475 0.49824 2.71594 -0.72672 1.17961 0.00816 14.72223 15.91000
5.15000 -0.01975 0.50185 2.70834 -0.79308 1.23816 0.00518 14.59211 15.83544
5.16000 -0.01471 0.50555 2.70008 -0.85856 1.30020 0.00287 14.45136 15.75442
5.17000 -0.00963 0.50934 2.69117 -0.92309 1.36551 0.00123 14.30029 15.66703
5.18000 -0.00452 0.51324 2.68162 -0.98662 1.43382 0.00027 14.13925 15.57335
5.19000 0.00063 0.51723 2.67144 -1.04907 1.50489 0.00001 13.96859 15.47349
5.20000 0.00582 0.52132 2.66064 -1.11039 1.57842 0.00044 13.78869 15.36755
5.21000 0.01106 0.52550 2.64924 -1.17052 1.65414 0.00159 13.59993 15.25567
5.22000 0.01633 0.52978 2.63724 -1.22940 1.73176 0.00345 13.40273 15.13794
5.23000 0.02165 0.53417 2.62465 -1.28697 1.81095 0.00604 13.19751 15.01450
5.24000 0.02702 0.53864 2.61150 -1.34318 1.89143 0.00935 12.98470 14.88548
5.25000 0.03243 0.54322 2.59780 -1.39798 1.97286 0.01340 12.76475 14.75101
5.26000 0.03788 0.54789 2.58355 -1.45130 2.05494 0.01818 12.53812 14.61124
5.27000 0.04338 0.55265 2.56877 -1.50310 2.13734 0.02371 12.30527 14.46632
5.28000 0.04894 0.55751 2.55349 -1.55333 2.21973 0.02999 12.06667 14.31639
5.29000 0.05453 0.56246 2.53771 -1.60194 2.30179 0.03701 11.82281 14.16161
5.30000 0.06018 0.56750 2.52146 -1.64889 2.38319 0.04478 11.57417 14.00214
5.31000 0.06589 0.57262 2.50474 -1.69413 2.46361 0.05331 11.32123 13.83815
5.32000 0.07164 0.57783 2.48758 -1.73763 2.54273 0.06259 11.06449 13.66981
5.33000 0.07744 0.58312 2.46999 -1.77933 2.62024 0.07262 10.80442 13.49729
5.34000 0.08330 0.58849 2.45200 -1.81920 2.69583 0.08341 10.54153 13.32076
5.35000 0.08921 0.59393 2.43362 -1.85721 2.76919 0.09494 10.27629 13.14042
5.36000 0.09518 0.59943 2.41486 -1.89333 2.84004 0.10722 10.00918 12.95644
5.37000 0.10120 0.60500 2.39576 -1.92751 2.90808 0.12025 9.74068 12.76901
5.38000 0.10728 0.61063 2.37632 -1.95973 2.97304 0.13402 9.47127 12.57833
5.39000 0.11341 0.61630 2.35657 -1.98997 3.03467 0.14852 9.20139 12.38458
5.40000 0.11961 0.62202 2.33653 -2.01820 3.09270 0.16375 8.93151 12.18796
5.41000 0.12585 0.62777 2.31621 -2.04439 3.14690 0.17971 8.66206 11.98867
5.42000 0.13216 0.63355 2.29565 -2.06853 3.19705 0.19639 8.39348 11.78692
5.43000 0.13853 0.63934 2.27485 -2.09060 3.24294 0.21377 8.12618 11.58290
5.44000 0.14495 0.64514 2.25384 -2.11058 3.28438 0.23186 7.86058 11.37681
5.45000 0.15143 0.65093 2.23264 -2.12846 3.32119 0.25063 7.59705 11.16887
5.46000 0.15797 0.65670 2.21128 -2.14423 3.35322 0.27009 7.33597 10.95928
5.47000 0.16456 0.66244 2.18977 -2.15788 3.38032 0.29021 7.07771 10.74824
5.48000 0.17121 0.66813 2.16813 -2.16941 3.40237 0.31099 6.82261 10.53597
5.49000 0.17792 0.67375 2.14638 -2.17882 3.41928 0.33241 6.57099 10.32267
5.50000 0.18469 0.67930 2.12456 -2.18610 3.43095 0.35445 6.32315 10.10855
5.51000 0.19151 0.68475 2.10267 -2.19126 3.43732 0.37711 6.07940 9.89383
5.52000 0.19838 0.69008 2.08074 -2.19431 3.43835 0.40035 5.83999 9.67870
5.53000 0.20531 0.69527 2.05879 -2.19524 3.43401 0.42418 5.60519 9.46337
5.54000 0.21229 0.70029 2.03684 -2.19409 3.42430 0.44856 5.37521 9.24806
5.55000 0.21932 0.70514 2.01492 -2.19084 3.40922 0.47347 5.15027 9.03296
5.56000 0.22639 0.70977 1.99303 -2.18554 3.38882 0.49890 4.93056 8.81828
5.57000 0.23351 0.71416 1.97121 -2.17818 3.36315 0.52482 4.71626 8.60423
5.58000 0.24067 0.71829 1.94948 -2.16880 3.33227 0.55121 4.50751 8.39099
5.59000 0.24788 0.72213 1.92784 -2.15743 3.29628 0.57803 4.30446 8.17877
5.60000 0.25511 0.72564 1.90633 -2.14407 3.25530 0.60527 4.10720 7.96777
5.61000 0.26239 0.72879 1.88497 -2.12878 3.20943 0.63290 3.91584 7.75817
5.62000 0.26969 0.73155 1.86376 -2.11157 3.15884 0.66088 3.73044 7.55016
5.63000 0.27702 0.73388 1.84274 -2.09249 3.10368 0.68918 3.55107 7.34394
5.64000 0.28437 0.73575 1.82192 -2.07156 3.04413 0.71778 3.37777 7.13968
5.65000 0.29173 0.73712 1.80132 -2.04884 2.98038 0.74664 3.21054 6.93756
5.66000 0.29911 0.73795 1.78095 -2.02435 2.91263 0.77571 3.04941 6.73775
5.67000 0.30649 0.73820 1.76084 -1.99816 2.84111 0.80497 2.89435 6.54044
5.68000 0.31387 0.73783 1.74099 -1.97029 2.76605 0.83437 2.74535 6.34577
5.69000 0.32124 0.73679 1.72144 -1.94080 2.68769 0.86388 2.60234 6.15392
5.70000 0.32860 0.73505 1.70218 -1.90974 2.60629 0.89345 2.46529 5.96504
5.71000 0.33594 0.73257 1.68325 -1.87716 2.52211 0.92304 2.33412 5.77928
5.72000 0.34325 0.72929 1.66464 -1.84311 2.43543 0.95260 2.20875 5.59679
5.73000 0.35052 0.72518 1.64639 -1.80764 2.34653 0.98209 2.08909 5.41771
5.74000 0.35775 0.72020 1.62849 -1.77082 2.25568 1.01146 1.97503 5.24217
5.75000 0.36492 0.71431 1.61098 -1.73269 2.16320 1.04066 1.86646 5.07032
5.76000 0.37203 0.70746 1.59385 -1.69331 2.06937 1.06963 1.76326 4.90226
5.77000 0.37907 0.69961 1.57711 -1.65274 1.97449 1.09833 1.66530 4.73813
5.78000 0.38602 0.69074 1.56079 -1.61104 1.87888 1.12670 1.57245 4.57803
5.79000 0.39288 0.68079 1.54490 -1.56827 1.78282 1.15469 1.48456 4.42208
5.80000 0.39963 0.66975 1.52943 -1.52447 1.68663 1.18225 1.40149 4.27037
5.81000 0.40627 0.65757 1.51441 -1.47971 1.59061 1.20930 1.32309 4.12301
5.82000 0.41278 0.64424 1.49984 -1.43404 1.49507 1.23581 1.24920 3.98008
5.83000 0.41915 0.62973 1.48573 -1.38752 1.40029 1.26170 1.17968 3.84167
5.84000 0.42537 0.61401 1.47209 -1.34021 1.30658 1.28693 1.11436 3.70787
5.85000 0.43143 0.59708 1.45893 -1.29215 1.21423 1.31143 1.05309 3.57875
5.86000 0.43731 0.57893 1.44625 -1.24339 1.12352 1.33515 0.99571 3.45438
5.87000 0.44300 0.55954 1.43407 -1.19398 1.03473 1.35803 0.94206 3.33482
5.88000 0.44850 0.53892 1.42237 -1.14397 0.94813 1.38000 0.89200 3.22014
5.89000 0.45378 0.51707 1.41119 -1.09341 0.86399 1.40102 0.84538 3.11039
5.90000 0.45883 0.49400 1.40051 -1.04234 0.78256 1.42103 0.80203 3.00563
5.91000 0.46365 0.46973 1.39034 -0.99078 0.70409 1.43997 0.76184 2.90590
5.92000 0.46822 0.44429 1.38069 -0.93879 0.62881 1.45780 0.72464 2.81125
5.93000 0.47254 0.41770 1.37157 -0.88640 0.55696 1.47445 0.69031 2.72172
5.94000 0.47658 0.38999 1.36297 -0.83363 0.48874 1.48988 0.65873 2.63735
5.95000 0.48033 0.36122 1.35490 -0.78052 0.42437 1.50405 0.62976 2.55817
5.96000 0.48380 0.33142 1.34736 -0.72709 0.36403 1.51691 0.60329 2.48422
5.97000 0.48696 0.30066 1.34036 -0.67335 0.30790 1.52842 0.57921 2.41553
5.98000 0.48981 0.26899 1.33389 -0.61935 0.25616 1.53854 0.55742 2.35212
5.99000 0.49233 0.23648 1.32797 -0.56508 0.20896 1.54724 0.53782 2.29402
6.00000 0.49453 0.20320 1.32259 -0.51056 0.16645 1.55448 0.52033 2.24126
6.01000 0.49640 0.16923 1.31776 -0.45581 0.12875 1.56025 0.50485 2.19386
6.02000 0.49792 0.13466 1.31348 -0.40084 0.09598 1.56452 0.49134 2.15184
6.03000 0.49909 0.09957 1.30974 -0.34566 0.06824 1.56727 0.47970 2.11522
6.04000 0.49991 0.06404 1.30656 -0.29027 0.04563 1.56849 0.46991 2.08403
6.05000 0.50037 0.02819 1.30394 -0.23467 0.02821 1.56817 0.46189 2.05828
6.06000 0.50047 -0.00791 1.30187 -0.17889 0.01605 1.56631 0.45563 2.03799
6.07000 0.50021 -0.04414 1.30036 -0.12291 0.00920 1.56290 0.45108 2.02318
6.08000 0.49959 -0.08040 1.29941 -0.06675 0.00769 1.55795 0.44824 2.01388
6.09000 0.49860 -0.11660 1.29903 -0.01041 0.01153 1.55148 0.44709 2.01009
6.10000 0.49725 -0.15263 1.29921 0.04611 0.02072 1.54350 0.44762 2.01184
6.11000 0.49555 -0.18839 1.29995 0.10280 0.03527 1.53403 0.44985 2.01915
6.12000 0.49349 -0.22377 1.30126 0.15964 0.05514 1.52309 0.45379 2.03202
6.13000 0.49108 -0.25868 1.30314 0.21663 0.08028 1.51071 0.45948 2.05047
6.14000 0.48832 -0.29302 1.30559 0.27376 0.11065 1.49693 0.46694 2.07453
6.15000 0.48522 -0.32669 1.30862 0.33102 0.14617 1.48179 0.47623 2.10419
6.16000 0.48178 -0.35961 1.31222 0.38838 0.18676 1.46532 0.48739 2.13948
6.17000 0.47803 -0.39169 1.31639 0.44583 0.23231 1.44758 0.50050 2.18039
6.18000 0.47395 -0.42284 1.32113 0.50334 0.28271 1.42861 0.51563 2.22695
6.19000 0.46957 -0.45300 1.32645 0.56089 0.33783 1.40846 0.53286 2.27915
6.20000 0.46490 -0.48209 1.33235 0.61845 0.39752 1.38719 0.55228 2.33700
6.21000 0.45994 -0.51005 1.33882 0.67598 0.46163 1.36486 0.57400 2.40049
6.22000 0.45470 -0.53682 1.34587 0.73345 0.52997 1.34152 0.59813 2.46962
6.23000 0.44920 -0.56236 1.35349 0.79081 0.60236 1.31724 0.62478 2.54439
6.24000 0.44346 -0.58661 1.36169 0.84803 0.67861 1.29209 0.65408 2.62477
6.25000 0.43748 -0.60956 1.37045 0.90505 0.75848 1.26611 0.68617 2.71077
6.26000 0.43127 -0.63116 1.37979 0.96183 0.84176 1.23939 0.72119 2.80234
6.27000 0.42486 -0.65139 1.38969 1.01831 0.92820 1.21199 0.75928 2.89947
6.28000 0.41825 -0.67025 1.40015 1.07442 1.01754 1.18397 0.80060 3.00212
6.29000 0.41146 -0.68773 1.41117 1.13012 1.10954 1.15540 0.84532 3.11025
6.30000 0.40450 -0.70383 1.42275 1.18534 1.20389 1.12634 0.89359 3.22383
6.31000 0.39738 -0.71855 1.43488 1.24001 1.30034 1.09687 0.94560 3.34280
6.32000 0.39013 -0.73192 1.44755 1.29407 1.39856 1.06703 1.00150 3.46710
6.33000 0.38275 -0.74394 1.46076 1.34745 1.49828 1.03691 1.06149 3.59667
6.34000 0.37526 -0.75464 1.47450 1.40007 1.59916 1.00656 1.12573 3.73145
6.35000 0.36766 -0.76405 1.48876 1.45186 1.70090 0.97603 1.19441 3.87134
6.36000 0.35998 -0.77221 1.50353 1.50276 1.80316 0.94539 1.26771 4.01627
6.37000 0.35222 -0.77916 1.51881 1.55269 1.90564 0.91470 1.34581 4.16615
6.38000 0.34440 -0.78493 1.53458 1.60157 2.00798 0.88402 1.42888 4.32088
6.39000 0.33653 -0.78958 1.55084 1.64934 2.10986 0.85338 1.51710 4.48034
6.40000 0.32861 -0.79314 1.56756 1.69591 2.21094 0.82285 1.61064 4.64444
6.41000 0.32067 -0.79566 1.58475 1.74122 2.31090 0.79248 1.70966 4.81304
6.42000 0.31270 -0.79721 1.60238 1.78520 2.40939 0.76230 1.81433 4.98602
6.43000 0.30473 -0.79782 1.62045 1.82778 2.50609 0.73237 1.92479 5.16325
6.44000 0.29675 -0.79756 1.63893 1.86888 2.60067 0.70273 2.04118 5.34458
6.45000 0.28878 -0.79647 1.65782 1.90844 2.69280 0.67342 2.16365 5.52987
6.46000 0.28082 -0.79460 1.67710 1.94640 2.78219 0.64447 2.29231 5.71897
6.47000 0.27289 -0.79202 1.69674 1.98270 2.86851 0.61593 2.42727 5.91170
6.48000 0.26498 -0.78876 1.71675 2.01726 2.95147 0.58782 2.56862 6.10792
6.49000 0.25712 -0.78489 1.73708 2.05004 3.03079 0.56017 2.71646 6.30743
6.50000 0.24929 -0.78045 1.75774 2.08098 3.10619 0.53303 2.87085 6.51007
6.51000 0.24151 -0.77549 1.77870 2.11002 3.17741 0.50640 3.03185 6.71566
6.52000 0.23378 -0.77005 1.79993 2.13712 3.24420 0.48032 3.19948 6.92400
6.53000 0.22611 -0.76418 1.82143 2.16223 3.30632 0.45482 3.37376 7.13490
6.54000 0.21850 -0.75793 1.84317 2.18530 3.36356 0.42990 3.55470 7.34816
6.55000 0.21095 -0.75132 1.86513 2.20629 3.41571 0.40560 3.74227 7.56359
6.56000 0.20347 -0.74441 1.88729 2.22517 3.46260 0.38194 3.93643 7.78097
6.57000 0.19606 -0.73724 1.90963 2.24189 3.50406 0.35892 4.13712 8.00009
6.58000 0.18873 -0.72982 1.93212 2.25643 3.53994 0.33656 4.34426 8.22075
6.59000 0.18147 -0.72220 1.95475 2.26876 3.57012 0.31488 4.55773 8.44273
6.60000 0.17429 -0.71442 1.97749 2.27884 3.59450 0.29388 4.77743 8.66581
6.61000 0.16718 -0.70649 2.00032 2.28667 3.61299 0.27359 5.00319 8.88977
6.62000 0.16016 -0.69844 2.02322 2.29221 3.62553 0.25400 5.23485 9.11438
6.63000 0.15321 -0.69031 2.04616 2.29545 3.63209 0.23513 5.47221 9.33943
6.64000 0.14635 -0.68211 2.06912 2.29638 3.63263 0.21699 5.71505 9.56467
6.65000 0.13957 -0.67386 2.09208 2.29498 3.62719 0.19957 5.96314 9.78990
6.66000 0.13287 -0.66559 2.11501 2.29125 3.61577 0.18289 6.21622 10.01487
6.67000 0.12626 -0.65731 2.13789 2.28519 3.59843 0.16694 6.47400 10.23936
6.68000 0.11973 -0.64905 2.16070 2.27678 3.57524 0.15174 6.73617 10.46315
6.69000 0.11328 -0.64081 2.18342 2.26605 3.54630 0.13728 7.00242 10.68599
6.70000 0.10691 -0.63261 2.20602 2.25298 3.51172 0.12356 7.27239 10.90767
6.71000 0.10062 -0.62446 2.22847 2.23758 3.47165 0.11058 7.54572 11.12795
6.72000 0.09442 -0.61638 2.25076 2.21987 3.42624 0.09835 7.82202 11.34661
6.73000 0.08830 -0.60836 2.27286 2.19986 3.37567 0.08686 8.10089 11.56341
6.74000 0.08225 -0.60044 2.29475 2.17757 3.32014 0.07611 8.38190 11.77815
6.75000 0.07629 -0.59260 2.31641 2.15300 3.25987 0.06609 8.66462 11.99058
6.76000 0.07040 -0.58486 2.33780 2.12619 3.19509 0.05681 8.94859 12.20049
6.77000 0.06459 -0.57723 2.35892 2.09716 3.12606 0.04825 9.23335 12.40767
6.78000 0.05886 -0.56971 2.37974 2.06593 3.05306 0.04042 9.51840 12.61188
6.79000 0.05320 -0.56230 2.40023 2.03253 2.97635 0.03331 9.80327 12.81293
6.80000 0.04761 -0.55501 2.42038 1.99699 2.89625 0.02690 10.08744 13.01059
6.81000 0.04210 -0.54784 2.44017 1.95935 2.81307 0.02121 10.37039 13.20467
6.82000 0.03665 -0.54080 2.45956 1.91964 2.72713 0.01621 10.65162 13.39495
6.83000 0.03128 -0.53388 2.47855 1.87791 2.63876 0.01189 10.93058 13.58124
6.84000 0.02597 -0.52709 2.49711 1.83418 2.54831 0.00826 11.20676 13.76333
6.85000 0.02074 -0.52043 2.51523 1.78851 2.45613 0.00530 11.47960 13.94104
6.86000 0.01557 -0.51391 2.53288 1.74093 2.36259 0.00301 11.74858 14.11417
6.87000 0.01046 -0.50751 2.55004 1.69150 2.26803 0.00137 12.01315 14.28255
6.88000 0.00541 -0.50125 2.56670 1.64027 2.17284 0.00037 12.27278 14.44599
6.89000 0.00043 -0.49511 2.58284 1.58727 2.07738 0.00000 12.52693 14.60431
6.90000 -0.00449 -0.48911 2.59844 1.53258 1.98202 0.00026 12.77508 14.75735
6.91000 -0.00935 -0.48323 2.61349 1.47623 1.88712 0.00112 13.01671 14.90495
6.92000 -0.01415 -0.47749 2.62796 1.41830 1.79307 0.00258 13.25129 15.04694
6.93000 -0.01890 -0.47187 2.64185 1.35882 1.70021 0.00463 13.47833 15.18317
6.94000 -0.02359 -0.46638 2.65513 1.29788 1.60892 0.00725 13.69732 15.31349
6.95000 -0.02823 -0.46101 2.66780 1.23551 1.51954 0.01043 13.90780 15.43777
6.96000 -0.03281 -0.45576 2.67984 1.17180 1.43242 0.01415 14.10929 15.55586
6.97000 -0.03734 -0.45063 2.69123 1.10680 1.34789 0.01841 14.30134 15.66763
6.98000 -0.04182 -0.44562 2.70197 1.04057 1.26627 0.02318 14.48352 15.77297
6.99000 -0.04626 -0.44073 2.71204 0.97318 1.18789 0.02846 14.65541 15.87175
7.00000 -0.05064 -0.43595 2.72143 0.90471 1.11303 0.03422 14.81661 15.96387
7.01000 -0.05498 -0.43128 2.73013 0.83521 1.04200 0.04046 14.96676 16.04922
7.02000 -0.05927 -0.42672 2.73813 0.76477 0.97504 0.04716 15.10551 16.12771
7.03000 -0.06351 -0.42227 2.74542 0.69344 0.91243 0.05430 15.23251 16.19924
7.04000 -0.06771 -0.41792 2.75200 0.62130 0.85439 0.06186 15.34748 16.26374
7.05000 -0.07187 -0.41367 2.75785 0.54843 0.80115 0.06984 15.45013 16.32112
7.06000 -0.07599 -0.40952 2.76296 0.47489 0.75290 0.07821 15.54021 16.37132
7.07000 -0.08006 -0.40547 2.76734 0.40076 0.70981 0.08696 15.61750 16.41427
7.08000 -0.08409 -0.40150 2.77098 0.32611 0.67206 0.09606 15.68180 16.44993
7.09000 -0.08809 -0.39763 2.77386 0.25103 0.63977 0.10551 15.73296 16.47824
7.10000 -0.09205 -0.39384 2.77600 0.17558 0.61306 0.11529 15.77082 16.49917
7.11000 -0.09597 -0.39013 2.77737 0.09984 0.59202 0.12537 15.79529 16.51268
7.12000 -0.09985 -0.38651 2.77799 0.02388 0.57672 0.13574 15.80629 16.51875
7.13000 -0.10370 -0.38296 2.77785 -0.05221 0.56720 0.14639 15.80377 16.51736
7.14000 -0.10751 -0.37948 2.77695 -0.12837 0.56349 0.15728 15.78773 16.50850
7.15000 -0.11129 -0.37608 2.77528 -0.20451 0.56559 0.16842 15.75816 16.49217
7.16000 -0.11503 -0.37274 2.77286 -0.28057 0.57347 0.17977 15.71513 16.46838
7.17000 -0.11874 -0.36946 2.76967 -0.35645 0.58709 0.19132 15.65871 16.43713
7.18000 -0.12242 -0.36625 2.76573 -0.43210 0.60638 0.20306 15.58901 16.39845
7.19000 -0.12607 -0.36309 2.76103 -0.50742 0.63124 0.21495 15.50617 16.35237
7.20000 -0.12968 -0.35998 2.75558 -0.58235 0.66156 0.22699 15.41036 16.29891
7.21000 -0.13327 -0.35692 2.74939 -0.65682 0.69720 0.23916 15.30177 16.23812
7.22000 -0.13682 -0.35391 2.74245 -0.73074 0.73800 0.25143 15.18063 16.17006
7.23000 -0.14035 -0.35094 2.73477 -0.80405 0.78379 0.26378 15.04720 16.09477
7.24000 -0.14384 -0.34800 2.72637 -0.87666 0.83436 0.27621 14.90176 16.01233
7.25000 -0.14731 -0.34509 2.71724 -0.94852 0.88949 0.28868 14.74462 15.92280
7.26000 -0.15074 -0.34222 2.70740 -1.01954 0.94895 0.30119 14.57611 15.82625
7.27000 -0.15415 -0.33936 2.69686 -1.08966 1.01249 0.31371 14.39659 15.72279
7.28000 -0.15753 -0.33653 2.68561 -1.15880 1.07983 0.32622 14.20644 15.61249
7.29000 -0.16088 -0.33371 2.67368 -1.22691 1.15069 0.33871 14.00607 15.49547
7.30000 -0.16420 -0.33090 2.66108 -1.29390 1.22477 0.35115 13.79590 15.37181
7.31000 -0.16750 -0.32809 2.64781 -1.35971 1.30175 0.36353 13.57637 15.24164
7.32000 -0.17077 -0.32528 2.63389 -1.42428 1.38131 0.37582 13.34794 15.10508
7.33000 -0.17400 -0.32247 2.61933 -1.48755 1.46311 0.38802 13.11111 14.96224
7.34000 -0.17722 -0.31964 2.60414 -1.54944 1.54682 0.40010 12.86635 14.81327
7.35000 -0.18040 -0.31679 2.58834 -1.60991 1.63207 0.41204 12.61417 14.65829
7.36000 -0.18355 -0.31392 2.57195 -1.66888 1.71851 0.42383 12.35510 14.49745
7.37000 -0.18668 -0.31101 2.55497 -1.72630 1.80578 0.43545 12.08967 14.33090
7.38000 -0.18977 -0.30807 2.53743 -1.78212 1.89351 0.44688 11.81841 14.15880
7.39000 -0.19284 -0.30508 2.51933 -1.83628 1.98133 0.45810 11.54188 13.98131
7.40000 -0.19587 -0.30204 2.50071 -1.88872 2.06887 0.46909 11.26061 13.79858
7.41000 -0.19888 -0.29893 2.48157 -1.93939 2.15577 0.47985 10.97518 13.61080
7.42000 -0.20185 -0.29576 2.46193 -1.98825 2.24165 0.49034 10.68613 13.41813
7.43000 -0.20479 -0.29251 2.44181 -2.03524 2.32617 0.50056 10.39403 13.22076
7.44000 -0.20770 -0.28917 2.42123 -2.08032 2.40895 0.51049 10.09944 13.01888
7.45000 -0.21058 -0.28573 2.40021 -2.12344 2.48966 0.52011 9.80290 12.81267
7.46000 -0.21342 -0.28219 2.37877 -2.16456 2.56795 0.52941 9.50497 12.60233
7.47000 -0.21622 -0.27853 2.35692 -2.20364 2.64349 0.53837 9.20619 12.38805
7.48000 -0.21899 -0.27474 2.33470 -2.24064 2.71596 0.54697 8.90711 12.17004
7.49000 -0.22171 -0.27082 2.31212 -2.27553 2.78505 0.55520 8.60825 11.94851
7.50000 -0.22440 -0.26674 2.28920 -2.30826 2.85047 0.56305 8.31013 11.72365
7.51000 -0.22705 -0.26250 2.26596 -2.33882 2.91193 0.57050 8.01326 11.49570
7.52000 -0.22965 -0.25808 2.24243 -2.36716 2.96918 0.57754 7.71813 11.26485
7.53000 -0.23221 -0.25347 2.21862 -2.39326 3.02197 0.58415 7.42521 11.03133
7.54000 -0.23472 -0.24866 2.19457 -2.41709 3.07006 0.59032 7.13498 10.79537
7.55000 -0.23718 -0.24363 2.17029 -2.43863 3.11325 0.59605 6.84788 10.55717
7.56000 -0.23959 -0.23837 2.14580 -2.45786 3.15134 0.60130 6.56434 10.31698
7.57000 -0.24195 -0.23285 2.12114 -2.47475 3.18417 0.60608 6.28477 10.07502
7.58000 -0.24425 -0.22707 2.09632 -2.48929 3.21158 0.61037 6.00956 9.83151
7.59000 -0.24649 -0.22100 2.07136 -2.50147 3.23345 0.61417 5.73908 9.58670
7.60000 -0.24867 -0.21462 2.04630 -2.51127 3.24968 0.61745 5.47368 9.34080
7.61000 -0.25078 -0.20793 2.02114 -2.51868 3.26017 0.62021 5.21368 9.09406
7.62000 -0.25282 -0.20089 1.99593 -2.52368 3.26488 0.62245 4.95939 8.84672
7.63000 -0.25480 -0.19349 1.97068 -2.52629 3.26376 0.62415 4.71108 8.59900
7.64000 -0.25669 -0.18571 1.94541 -2.52648 3.25681 0.62530 4.46903 8.35114
7.65000 -0.25851 -0.17753 1.92016 -2.52426 3.24403 0.62590 4.23344 8.10338
7.66000 -0.26024 -0.16892 1.89494 -2.51962 3.22547 0.62594 4.00455 7.85596
7.67000 -0.26189 -0.15986 1.86977 -2.51257 3.20117 0.62541 3.78252 7.60911
7.68000 -0.26344 -0.15034 1.84469 -2.50311 3.17123 0.62431 3.56753 7.36307
7.69000 -0.26489 -0.14032 1.81972 -2.49124 3.13575 0.62264 3.35969 7.11808
7.70000 -0.26624 -0.12979 1.79488 -2.47698 3.09485 0.62038 3.15913 6.87437
7.71000 -0.26748 -0.11872 1.77019 -2.46033 3.04869 0.61754 2.96594 6.63217
7.72000 -0.26861 -0.10708 1.74568 -2.44130 2.99745 0.61411 2.78017 6.39173
7.73000 -0.26962 -0.09487 1.72137 -2.41991 2.94131 0.61010 2.60186 6.15327
7.74000 -0.27051 -0.08205 1.69729 -2.39616 2.88048 0.60549 2.43104 5.91702
7.75000 -0.27126 -0.06861 1.67345 -2.37007 2.81522 0.60030 2.26770 5.68322
7.76000 -0.27188 -0.05452 1.64989 -2.34167 2.74576 0.59453 2.11180 5.45209
7.77000 -0.27235 -0.03976 1.62663 -2.31097 2.67238 0.58817 1.96331 5.22386
7.78000 -0.27267 -0.02433 1.60368 -2.27798 2.59537 0.58123 1.82215 4.99875
7.79000 -0.27284 -0.00819 1.58108 -2.24274 2.51503 0.57372 1.68824 4.77699
7.80000 -0.27283 0.00865 1.55883 -2.20526 2.43168 0.56564 1.56147 4.55880
7.81000 -0.27266 0.02622 1.53698 -2.16557 2.34566 0.55700 1.44172 4.34439
7.82000 -0.27231 0.04451 1.51553 -2.12369 2.25731 0.54782 1.32885 4.13398
7.83000 -0.27177 0.06353 1.49451 -2.07966 2.16699 0.53809 1.22270 3.92779
7.84000 -0.27103 0.08328 1.47394 -2.03349 2.07507 0.52785 1.12311 3.72602
7.85000 -0.27010 0.10376 1.45385 -1.98521 1.98191 0.51709 1.02989 3.52889
7.86000 -0.26896 0.12496 1.43425 -1.93487 1.88791 0.50583 0.94285 3.33659
7.87000 -0.26760 0.14685 1.41516 -1.88248 1.79345 0.49410 0.86178 3.14934
7.88000 -0.26602 0.16942 1.39660 -1.82808 1.69893 0.48191 0.78647 2.96732
7.89000 -0.26421 0.19264 1.37860 -1.77171 1.60474 0.46929 0.71670 2.79073
7.90000 -0.26216 0.21648 1.36118 -1.71340 1.51128 0.45625 0.65224 2.61977
7.91000 -0.25988 0.24088 1.34434 -1.65319 1.41894 0.44283 0.59285 2.45462
7.92000 -0.25734 0.26581 1.32812 -1.59111 1.32813 0.42904 0.53831 2.29548
7.93000 -0.25456 0.29120 1.31252 -1.52721 1.23922 0.41493 0.48836 2.14251
7.94000 -0.25152 0.31698 1.29758 -1.46152 1.15261 0.40052 0.44277 1.99590
7.95000 -0.24822 0.34308 1.28330 -1.39410 1.06868 0.38584 0.40130 1.85581
7.96000 -0.24466 0.36942 1.26970 -1.32499 0.98781 0.37092 0.36370 1.72243
7.97000 -0.24083 0.39590 1.25681 -1.25424 0.91034 0.35581 0.32975 1.59590
7.98000 -0.23674 0.42242 1.24462 -1.18189 0.83665 0.34055 0.29920 1.47640
7.99000 -0.23238 0.44888 1.23317 -1.10801 0.76705 0.32517 0.27185 1.36407
8.00000 -0.22776 0.47516 1.22247 -1.03265 0.70189 0.30971 0.24746 1.25906
8.01000 -0.22288 0.50113 1.21252 -0.95587 0.64146 0.29422 0.22583 1.16151
8.02000 -0.21774 0.52668 1.20336 -0.87774 0.58606 0.27873 0.20677 1.07156
8.03000 -0.21235 0.55168 1.19497 -0.79832 0.53596 0.26330 0.19007 0.98934
8.04000 -0.20671 0.57598 1.18739 -0.71769 0.49141 0.24797 0.17558 0.91497
8.05000 -0.20083 0.59947 1.18062 -0.63593 0.45266 0.23278 0.16313 0.84856
8.06000 -0.19472 0.62201 1.17468 -0.55310 0.41989 0.21778 0.15256 0.79023
8.07000 -0.18839 0.64346 1.16957 -0.46931 0.39331 0.20301 0.14376 0.74008
8.08000 -0.18186 0.66371 1.16529 -0.38463 0.37306 0.18851 0.13661 0.69818
8.09000 -0.17512 0.68264 1.16188 -0.29917 0.35929 0.17433 0.13102 0.66464
8.10000 -0.16821 0.70013 1.15931 -0.21302 0.35209 0.16051 0.12690 0.63951
8.11000 -0.16113 0.71608 1.15762 -0.12627 0.35155 0.14709 0.12422 0.62286
8.12000 -0.15389 0.73041 1.15679 -0.03904 0.35772 0.13411 0.12292 0.61475
8.13000 -0.14652 0.74304 1.15684 0.04856 0.37062 0.12160 0.12299 0.61521
8.14000 -0.13904 0.75391 1.15776 0.13642 0.39024 0.10960 0.12444 0.62428
8.15000 -0.13145 0.76296 1.15957 0.22443 0.41654 0.09814 0.12731 0.64198
8.16000 -0.12378 0.77017 1.16225 0.31248 0.44945 0.08724 0.13163 0.66832
8.17000 -0.11605 0.77552 1.16582 0.40043 0.48888 0.07693 0.13747 0.70329
8.18000 -0.10828 0.77901 1.17026 0.48818 0.53470 0.06723 0.14494 0.74688
8.19000 -0.10048 0.78065 1.17558 0.57559 0.58675 0.05817 0.15414 0.79906
8.20000 -0.09267 0.78047 1.18177 0.66256 0.64485 0.04975 0.16520 0.85979
8.21000 -0.08488 0.77853 1.18883 0.74896 0.70877 0.04198 0.17828 0.92903
8.22000 -0.07711 0.77487 1.19675 0.83466 0.77829 0.03488 0.19354 1.00672
8.23000 -0.06938 0.76956 1.20552 0.91955 0.85313 0.02846 0.21119 1.09277
8.24000 -0.06172 0.76270 1.21513 1.00352 0.93299 0.02270 0.23141 1.18710
8.25000 -0.05414 0.75436 1.22558 1.08645 1.01757 0.01761 0.25444 1.28963
8.26000 -0.04664 0.74464 1.23686 1.16823 1.10652 0.01319 0.28051 1.40023
8.27000 -0.03925 0.73366 1.24895 1.24875 1.19949 0.00943 0.30987 1.51879
8.28000 -0.03197 0.72150 1.26183 1.32790 1.29609 0.00633 0.34277 1.64519
8.29000 -0.02482 0.70829 1.27550 1.40559 1.39593 0.00385 0.37950 1.77928
8.30000 -0.01781 0.69414 1.28994 1.48171 1.49859 0.00201 0.42031 1.92091
8.31000 -0.01094 0.67914 1.30513 1.55617 1.60366 0.00077 0.46551 2.06993
8.32000 -0.00423 0.66343 1.32105 1.62888 1.71068 0.00012 0.51538 2.22618
8.33000 0.00233 0.64709 1.33770 1.69976 1.81922 0.00004 0.57020 2.38946
8.34000 0.00871 0.63023 1.35504 1.76872 1.92883 0.00050 0.63028 2.55961
8.35000 0.01493 0.61295 1.37307 1.83568 2.03903 0.00150 0.69589 2.73642
8.36000 0.02097 0.59535 1.39175 1.90057 2.14936 0.00300 0.76734 2.91970
8.37000 0.02684 0.57750 1.41107 1.96333 2.25936 0.00498 0.84489 3.10924
8.38000 0.03252 0.55950 1.43101 2.02388 2.36857 0.00742 0.92884 3.30483
8.39000 0.03803 0.54142 1.45154 2.08216 2.47651 0.01029 1.01944 3.50625
8.40000 0.04335 0.52332 1.47264 2.13812 2.58274 0.01357 1.11696 3.71328
8.41000 0.04849 0.50527 1.49430 2.19170 2.68680 0.01723 1.22164 3.92567
8.42000 0.05345 0.48733 1.51647 2.24285 2.78825 0.02125 1.33371 4.14321
8.43000 0.05824 0.46954 1.53914 2.29151 2.88666 0.02560 1.45338 4.36564
8.44000 0.06285 0.45196 1.56229 2.33766 2.98160 0.03026 1.58086 4.59272
8.45000 0.06728 0.43462 1.58589 2.38124 3.07268 0.03520 1.71633 4.82420
8.46000 0.07154 0.41755 1.60991 2.42221 3.15950 0.04040 1.85994 5.05983
8.47000 0.07563 0.40079 1.63432 2.46056 3.24169 0.04583 2.01183 5.29936
8.48000 0.07956 0.38435 1.65911 2.49623 3.31890 0.05148 2.17213 5.54251
8.49000 0.08332 0.36826 1.68424 2.52921 3.39079 0.05732 2.34092 5.78903
8.50000 0.08692 0.35254 1.70969 2.55946 3.45706 0.06332 2.51826 6.03865
8.51000 0.09037 0.33719 1.73542 2.58697 3.51742 0.06947 2.70421 6.29110
8.52000 0.09367 0.32223 1.76142 2.61172 3.57161 0.07575 2.89877 6.54612
8.53000 0.09682 0.30767 1.78764 2.63368 3.61939 0.08213 3.10192 6.80343
8.54000 0.09982 0.29349 1.81408 2.65285 3.66054 0.08859 3.31363 7.06276
8.55000 0.10269 0.27972 1.84069 2.66921 3.69489 0.09512 3.53382 7.32383
8.56000 0.10542 0.26634 1.86745 2.68276 3.72228 0.10170 3.76239 7.58637
8.57000 0.10802 0.25336 1.89434 2.69348 3.74259 0.10831 3.99920 7.85009
8.58000 0.11049 0.24077 1.92131 2.70138 3.75571 0.11493 4.24410 8.11473
8.59000 0.11283 0.22856 1.94836 2.70645 3.76158 0.12154 4.49689 8.38001
8.60000 0.11506 0.21673 1.97543 2.70869 3.76016 0.12813 4.75736 8.64565
8.61000 0.11717 0.20526 2.00252 2.70812 3.75144 0.13469 5.02524 8.91136
8.62000 0.11917 0.19417 2.02959 2.70473 3.73544 0.14120 5.30025 9.17689
8.63000 0.12105 0.18342 2.05661 2.69855 3.71222 0.14764 5.58208 9.44194
8.64000 0.12284 0.17301 2.08355 2.68957 3.68186 0.15401 5.87039 9.70625
8.65000 0.12451 0.16294 2.11039 2.67781 3.64446 0.16028 6.16481 9.96954
8.66000 0.12610 0.15319 2.13710 2.66330 3.60017 0.16645 6.46493 10.23155
8.67000 0.12758 0.14376 2.16364 2.64604 3.54915 0.17250 6.77034 10.49199
8.68000 0.12897 0.13462 2.19001 2.62607 3.49159 0.17843 7.08059 10.75061
8.69000 0.13027 0.12577 2.21616 2.60341 3.42773 0.18422 7.39519 11.00714
8.70000 0.13149 0.11721 2.24207 2.57809 3.35781 0.18986 7.71365 11.26132
8.71000 0.13262 0.10891 2.26771 2.55013 3.28209 0.19534 8.03545 11.51288
8.72000 0.13367 0.10086 2.29306 2.51958 3.20088 0.20066 8.36003 11.76157
8.73000 0.13464 0.09307 2.31809 2.48645 3.11449 0.20580 8.68685 12.00713
8.74000 0.13553 0.08551 2.34278 2.45080 3.02326 0.21075 9.01531 12.24933
8.75000 0.13635 0.07817 2.36710 2.41265 2.92756 0.21551 9.34482 12.48790
8.76000 0.13709 0.07105 2.39103 2.37206 2.82776 0.22008 9.67477 12.72261
8.77000 0.13777 0.06413 2.41453 2.32906 2.72425 0.22443 10.00453 12.95322
8.78000 0.13838 0.05741 2.43760 2.28371 2.61745 0.22858 10.33346 13.17949
8.79000 0.13892 0.05088 2.46020 2.23604 2.50778 0.23250 10.66092 13.40120
8.80000 0.13939 0.04452 2.48231 2.18612 2.39567 0.23620 10.98626 13.61813
8.81000 0.13981 0.03832 2.50392 2.13399 2.28157 0.23967 11.30881 13.83005
8.82000 0.14016 0.03229 2.52499 2.07972 2.16593 0.24291 11.62791 14.03675
8.83000 0.14045 0.02640 2.54550 2.02334 2.04922 0.24591 11.94289 14.23802
8.84000 0.14069 0.02066 2.56545 1.96494 1.93190 0.24866 12.25310 14.43366
8.85000 0.14087 0.01504 2.58479 1.90456 1.81443 0.25117 12.55788 14.62348
8.86000 0.14099 0.00955 2.60353 1.84227 1.69729 0.25343 12.85655 14.80728
8.87000 0.14106 0.00418 2.62163 1.77813 1.58094 0.25544 13.14849 14.98487
8.88000 0.14108 -0.00109 2.63909 1.71222 1.46585 0.25720 13.43304 15.15609
8.89000 0.14104 -0.00625 2.65587 1.64459 1.35248 0.25870 13.70957 15.32075
8.90000 0.14095 -0.01132 2.67197 1.57532 1.24127 0.25995 13.97748 15.47870
8.91000 0.14081 -0.01630 2.68737 1.50448 1.13269 0.26093 14.23616 15.62978
8.92000 0.14062 -0.02120 2.70206 1.43214 1.02716 0.26166 14.48501 15.77383
8.93000 0.14039 -0.02603 2.71601 1.35838 0.92510 0.26213 14.72349 15.91072
8.94000 0.14010 -0.03079 2.72922 1.28327 0.82692 0.26234 14.95103 16.04030
8.95000 0.13977 -0.03549 2.74167 1.20689 0.73303 0.26230 15.16713 16.16245
8.96000 0.13939 -0.04014 2.75336 1.12932 0.64379 0.26199 15.37127 16.27706
8.97000 0.13897 -0.04474 2.76426 1.05063 0.55956 0.26143 15.56300 16.38399
8.98000 0.13850 -0.04929 2.77436 0.97091 0.48069 0.26062 15.74185 16.48316
8.99000 0.13798 -0.05381 2.78367 0.89024 0.40749 0.25955 15.90741 16.57445
9.00000 0.13742 -0.05830 2.79217 0.80870 0.34025 0.25824 16.05930 16.65779
9.01000 0.13682 -0.06276 2.79984 0.72638 0.27925 0.25668 16.19717 16.73309
9.02000 0.13617 -0.06721 2.80669 0.64335 0.22474 0.25487 16.32068 16.80029
9.03000 0.13547 -0.07164 2.81271 0.55971 0.17694 0.25282 16.42954 16.85930
9.04000 0.13474 -0.07606 2.81788 0.47553 0.13603 0.25054 16.52351 16.91008
9.05000 0.13395 -0.08048 2.82222 0.39091 0.10220 0.24802 16.60237 16.95258
9.06000 0.13313 -0.08490 2.82570 0.30592 0.07557 0.24527 16.66592 16.98677
9.07000 0.13226 -0.08933 2.82833 0.22067 0.05626 0.24231 16.71403 17.01260
9.08000 0.13134 -0.09377 2.83011 0.13522 0.04436 0.23912 16.74658 17.03005
9.09000 0.13038 -0.09823 2.83104 0.04968 0.03990 0.23572 16.76350 17.03912
9.10000 0.12938 -0.10272 2.83111 -0.03588 0.04293 0.23211 16.76477 17.03980
9.11000 0.12833 -0.10723 2.83032 -0.12136 0.05342 0.22830 16.75037 17.03209
9.12000 0.12723 -0.11177 2.82868 -0.20667 0.07134 0.22429 16.72036 17.01600
9.13000 0.12609 -0.11636 2.82619 -0.29174 0.09663 0.22010 16.67482 16.99155
9.14000 0.12490 -0.12098 2.82285 -0.37647 0.12918 0.21573 16.61385 16.95877
9.15000 0.12367 -0.12566 2.81866 -0.46078 0.16889 0.21118 16.53763 16.91770
9.16000 0.12239 -0.13039 2.81363 -0.54459 0.21559 0.20647 16.44632 16.86838
9.17000 0.12106 -0.13519 2.80777 -0.62779 0.26910 0.20160 16.34017 16.81087
9.18000 0.11969 -0.14004 2.80108 -0.71032 0.32922 0.19658 16.21943 16.74523
9.19000 0.11826 -0.14497 2.79357 -0.79209 0.39571 0.19141 16.08441 16.67153
9.20000 0.11679 -0.14998 2.78524 -0.87300 0.46831 0.18612 15.93542 16.58985
9.21000 0.11526 -0.15506 2.77611 -0.95299 0.54675 0.18070 15.77283 16.50028
9.22000 0.11368 -0.16024 2.76618 -1.03196 0.63071 0.17517 15.59703 16.40290
9.23000 0.11206 -0.16550 2.75547 -1.10985 0.71986 0.16953 15.40845 16.29784
9.24000 0.11037 -0.17087 2.74399 -1.18655 0.81387 0.16380 15.20752 16.18519
9.25000 0.10864 -0.17633 2.73175 -1.26201 0.91235 0.15799 14.99474 16.06508
9.26000 0.10685 -0.18191 2.71876 -1.33614 1.01493 0.15210 14.77060 15.93763
9.27000 0.10500 -0.18761 2.70503 -1.40885 1.12121 0.14615 14.53562 15.80298
9.28000 0.10309 -0.19343 2.69058 -1.48009 1.23076 0.14014 14.29036 15.66126
9.29000 0.10113 -0.19937 2.67543 -1.54978 1.34316 0.13410 14.03537 15.51263
9.30000 0.09911 -0.20545 2.65959 -1.61783 1.45797 0.12803 13.77124 15.35725
9.31000 0.09702 -0.21167 2.64308 -1.68419 1.57475 0.12194 13.49858 15.19527
9.32000 0.09487 -0.21804 2.62592 -1.74878 1.69302 0.11584 13.21800 15.02687
9.33000 0.09266 -0.22456 2.60811 -1.81153 1.81234 0.10976 12.93012 14.85222
9.34000 0.09038 -0.23124 2.58969 -1.87239 1.93223 0.10369 12.63558 14.67151
9.35000 0.08803 -0.23809 2.57067 -1.93128 2.05223 0.09766 12.33503 14.48492
9.36000 0.08562 -0.24511 2.55107 -1.98815 2.17186 0.09167 12.02912 14.29265
9.37000 0.08313 -0.25231 2.53091 -2.04293 2.29067 0.08574 11.71850 14.09491
9.38000 0.08057 -0.25969 2.51022 -2.09557 2.40819 0.07989 11.40383 13.89190
9.39000 0.07794 -0.26727 2.48901 -2.14601 2.52395 0.07412 11.08576 13.68383
9.40000 0.07523 -0.27505 2.46731 -2.19419 2.63752 0.06845 10.76496 13.47093
9.41000 0.07244 -0.28304 2.44513 -2.24007 2.74844 0.06290 10.44207 13.25341
9.42000 0.06956 -0.29123 2.42251 -2.28360 2.85629 0.05748 10.11773 13.03150
9.43000 0.06661 -0.29965 2.39947 -2.32473 2.96066 0.05220 9.79259 12.80544
9.44000 0.06357 -0.30829 2.37603 -2.36341 3.06113 0.04708 9.46726 12.57547
9.45000 0.06044 -0.31716 2.35221 -2.39960 3.15732 0.04214 9.14237 12.34183
9.46000 0.05723 -0.32627 2.32804 -2.43326 3.24886 0.03739 8.81851 12.10475
9.47000 0.05392 -0.33563 2.30355 -2.46436 3.33540 0.03284 8.49626 11.86450
9.48000 0.05051 -0.34523 2.27877 -2.49286 3.41661 0.02851 8.17621 11.62133
9.49000 0.04701 -0.35508 2.25371 -2.51872 3.49218 0.02443 7.85889 11.37549
9.50000 0.04341 -0.36519 2.22840 -2.54192 3.56182 0.02059 7.54483 11.12724
9.51000 0.03971 -0.37557 2.20288 -2.56243 3.62527 0.01703 7.23455 10.87685
9.52000 0.03590 -0.38620 2.17716 -2.58023 3.68229 0.01376 6.92853 10.62458
9.53000 0.03198 -0.39711 2.15128 -2.59529 3.73267 0.01079 6.62723 10.37070
9.54000 0.02796 -0.40828 2.12526 -2.60760 3.77624 0.00815 6.33109 10.11548
9.55000 0.02382 -0.41973 2.09914 -2.61713 3.81282 0.00584 6.04052 9.85918
9.56000 0.01956 -0.43144 2.07293 -2.62388 3.84230 0.00389 5.75590 9.60209
9.57000 0.01519 -0.44342 2.04667 -2.62783 3.86457 0.00232 5.47759 9.34447
9.58000 0.01069 -0.45567 2.02038 -2.62899 3.87956 0.00113 5.20591 9.08660
9.59000 0.00607 -0.46818 1.99410 -2.62733 3.88723 0.00036 4.94117 8.82875
9.60000 0.00133 -0.48094 1.96785 -2.62287 3.88756 0.00002 4.68363 8.57121
9.61000 -0.00355 -0.49395 1.94165 -2.61560 3.88058 0.00012 4.43354 8.31424
9.62000 -0.00855 -0.50719 1.91554 -2.60553 3.86633 0.00069 4.19110 8.05812
9.63000 -0.01369 -0.52066 1.88955 -2.59266 3.84489 0.00174 3.95650 7.80313
9.64000 -0.01897 -0.53434 1.86370 -2.57701 3.81636 0.00329 3.72988 7.54953
9.65000 -0.02438 -0.54821 1.83802 -2.55860 3.78087 0.00536 3.51138 7.29761
9.66000 -0.02993 -0.56226 1.81254 -2.53744 3.73858 0.00796 3.30108 7.04762
9.67000 -0.03563 -0.57645 1.78728 -2.51354 3.68968 0.01113 3.09904 6.79985
9.68000 -0.04146 -0.59076 1.76227 -2.48695 3.63438 0.01486 2.90531 6.55455
9.69000 -0.04744 -0.60517 1.73755 -2.45768 3.57293 0.01918 2.71990 6.31200
9.70000 -0.05357 -0.61964 1.71313 -2.42576 3.50557 0.02410 2.54277 6.07244
9.71000 -0.05983 -0.63412 1.68904 -2.39124 3.43260 0.02965 2.37390 5.83615
9.72000 -0.06625 -0.64859 1.66531 -2.35415 3.35432 0.03584 2.21321 5.60337
9.73000 -0.07281 -0.66298 1.64197 -2.31454 3.27106 0.04267 2.06062 5.37435
9.74000 -0.07951 -0.67726 1.61903 -2.27245 3.18316 0.05017 1.91600 5.14934
9.75000 -0.08635 -0.69136 1.59653 -2.22793 3.09099 0.05835 1.77922 4.92857
9.76000 -0.09333 -0.70523 1.57448 -2.18104 2.99493 0.06723 1.65014 4.71229
9.77000 -0.10045 -0.71880 1.55291 -2.13184 2.89536 0.07680 1.52857 4.50073
9.78000 -0.10771 -0.73201 1.53185 -2.08039 2.79269 0.08708 1.41433 4.29410
9.79000 -0.11509 -0.74477 1.51131 -2.02675 2.68733 0.09809 1.30721 4.09263
9.80000 -0.12260 -0.75702 1.49132 -1.97101 2.57971 0.10981 1.20699 3.89652
9.81000 -0.13023 -0.76868 1.47190 -1.91322 2.47026 0.12227 1.11345 3.70598
9.82000 -0.13797 -0.77965 1.45307 -1.85348 2.35941 0.13546 1.02634 3.52121
9.83000 -0.14582 -0.78986 1.43484 -1.79186 2.24759 0.14939 0.94542 3.34239
9.84000 -0.15377 -0.79921 1.41723 -1.72846 2.13524 0.16404 0.87042 3.16971
9.85000 -0.16180 -0.80761 1.40027 -1.66335 2.02281 0.17942 0.80110 3.00332
9.86000 -0.16992 -0.81498 1.38397 -1.59664 1.91072 0.19552 0.73717 2.84341
9.87000 -0.17810 -0.82122 1.36835 -1.52842 1.79939 0.21233 0.67839 2.69011
9.88000 -0.18634 -0.82624 1.35341 -1.45879 1.68926 0.22983 0.62449 2.54358
9.89000 -0.19462 -0.82996 1.33917 -1.38785 1.58073 0.24801 0.57520 2.40394
9.90000 -0.20293 -0.83228 1.32566 -1.31571 1.47421 0.26685 0.53026 2.27132
9.91000 -0.21126 -0.83314 1.31286 -1.24248 1.37008 0.28633 0.48942 2.14583
9.92000 -0.21959 -0.83246 1.30081 -1.16826 1.26872 0.30643 0.45243 2.02758
9.93000 -0.22790 -0.83017 1.28950 -1.09316 1.17050 0.32710 0.41906 1.91665
9.94000 -0.23619 -0.82622 1.27895 -1.01730 1.07574 0.34832 0.38906 1.81313
9.95000 -0.24442 -0.82055 1.26916 -0.94077 0.98479 0.37006 0.36223 1.71708
9.96000 -0.25259 -0.81313 1.26014 -0.86370 0.89795 0.39227 0.33835 1.62857
9.97000 -0.26068 -0.80392 1.25189 -0.78620 0.81549 0.41491 0.31723 1.54763
9.98000 -0.26866 -0.79292 1.24441 -0.70836 0.73770 0.43793 0.29869 1.47432
9.99000 -0.27653 -0.78013 1.23772 -0.63031 0.66481 0.46129 0.28255 1.40866
