# t theta omega E_kin E_pot E_tot
0.00000 0.78540 0.10000 0.00500 2.87328 2.87828
0.01000 0.78610 0.04053 0.00082 2.87816 2.87898
0.02000 0.78621 -0.01890 0.00018 2.87891 2.87909
0.03000 0.78572 -0.07827 0.00306 2.87554 2.87860
0.04000 0.78464 -0.13753 0.00946 2.86805 2.87751
0.05000 0.78297 -0.19665 0.01934 2.85648 2.87581
0.06000 0.78071 -0.25558 0.03266 2.84085 2.87351
0.07000 0.77786 -0.31429 0.04939 2.82120 2.87059
0.08000 0.77443 -0.37273 0.06947 2.79760 2.86706
0.09000 0.77041 -0.43088 0.09283 2.77009 2.86291
0.10000 0.76581 -0.48868 0.11940 2.73875 2.85815
0.11000 0.76064 -0.54610 0.14911 2.70366 2.85277
0.12000 0.75489 -0.60310 0.18187 2.66491 2.84678
0.13000 0.74858 -0.65964 0.21756 2.62261 2.84018
0.14000 0.74170 -0.71568 0.25610 2.57687 2.83297
0.15000 0.73426 -0.77118 0.29736 2.52780 2.82516
0.16000 0.72628 -0.82609 0.34121 2.47553 2.81675
0.17000 0.71774 -0.88038 0.38753 2.42021 2.80775
0.18000 0.70867 -0.93400 0.43618 2.36198 2.79816
0.19000 0.69907 -0.98691 0.48700 2.30100 2.78800
0.20000 0.68894 -1.03908 0.53984 2.23743 2.77727
0.21000 0.67829 -1.09044 0.59453 2.17146 2.76599
0.22000 0.66713 -1.14097 0.65091 2.10326 2.75416
0.23000 0.65547 -1.19062 0.70879 2.03301 2.74180
0.24000 0.64332 -1.23935 0.76799 1.96094 2.72892
0.25000 0.63069 -1.28710 0.82831 1.88722 2.71554
0.26000 0.61758 -1.33385 0.88957 1.81209 2.70166
0.27000 0.60401 -1.37953 0.95156 1.73576 2.68731
0.28000 0.58999 -1.42412 1.01406 1.65844 2.67250
0.29000 0.57554 -1.46757 1.07687 1.58038 2.65725
0.30000 0.56065 -1.50982 1.13978 1.50180 2.64158
0.31000 0.54534 -1.55085 1.20257 1.42295 2.62551
0.32000 0.52963 -1.59060 1.26501 1.34405 2.60906
0.33000 0.51354 -1.62904 1.32688 1.26536 2.59224
0.34000 0.49706 -1.66612 1.38797 1.18712 2.57509
0.35000 0.48022 -1.70179 1.44805 1.10957 2.55762
0.36000 0.46303 -1.73603 1.50690 1.03295 2.53985
0.37000 0.44550 -1.76879 1.56431 0.95751 2.52182
0.38000 0.42766 -1.80003 1.62005 0.88349 2.50354
0.39000 0.40951 -1.82971 1.67392 0.81112 2.48504
0.40000 0.39107 -1.85780 1.72571 0.74063 2.46634
0.41000 0.37236 -1.88426 1.77522 0.67225 2.44748
0.42000 0.35339 -1.90906 1.82226 0.60620 2.42847
0.43000 0.33418 -1.93217 1.86665 0.54269 2.40934
0.44000 0.31475 -1.95356 1.90820 0.48193 2.39013
0.45000 0.29511 -1.97320 1.94675 0.42410 2.37085
0.46000 0.27529 -1.99106 1.98215 0.36939 2.35154
0.47000 0.25530 -2.00712 2.01426 0.31797 2.33222
0.48000 0.23516 -2.02135 2.04293 0.26999 2.31292
0.49000 0.21488 -2.03374 2.06806 0.22561 2.29367
0.50000 0.19449 -2.04428 2.08954 0.18495 2.27448
0.51000 0.17400 -2.05294 2.10727 0.14813 2.25540
0.52000 0.15343 -2.05971 2.12120 0.11525 2.23644
0.53000 0.13281 -2.06458 2.13125 0.08639 2.21764
0.54000 0.11215 -2.06755 2.13738 0.06163 2.19901
0.55000 0.09147 -2.06861 2.13958 0.04101 2.18059
0.56000 0.07078 -2.06776 2.13782 0.02457 2.16239
0.57000 0.05012 -2.06500 2.13212 0.01232 2.14444
0.58000 0.02949 -2.06034 2.12250 0.00427 2.12677
0.59000 0.00892 -2.05378 2.10900 0.00039 2.10939
0.60000 -0.01158 -2.04532 2.09167 0.00066 2.09232
0.61000 -0.03198 -2.03498 2.07058 0.00502 2.07560
0.62000 -0.05227 -2.02279 2.04583 0.01340 2.05923
0.63000 -0.07243 -2.00874 2.01751 0.02572 2.04324
0.64000 -0.09244 -1.99286 1.98575 0.04189 2.02763
0.65000 -0.11228 -1.97518 1.95066 0.06177 2.01244
0.66000 -0.13194 -1.95571 1.91240 0.08526 1.99767
0.67000 -0.15139 -1.93449 1.87113 0.11221 1.98333
0.68000 -0.17062 -1.91154 1.82700 0.14245 1.96945
0.69000 -0.18962 -1.88690 1.78019 0.17583 1.95602
0.70000 -0.20836 -1.86059 1.73089 0.21217 1.94306
0.71000 -0.22682 -1.83265 1.67931 0.25128 1.93058
0.72000 -0.24500 -1.80312 1.62563 0.29296 1.91859
0.73000 -0.26288 -1.77204 1.57007 0.33702 1.90708
0.74000 -0.28044 -1.73945 1.51284 0.38324 1.89607
0.75000 -0.29766 -1.70538 1.45416 0.43140 1.88556
0.76000 -0.31454 -1.66988 1.39426 0.48130 1.87555
0.77000 -0.33106 -1.63300 1.33335 0.53269 1.86604
0.78000 -0.34720 -1.59478 1.27166 0.58536 1.85703
0.79000 -0.36295 -1.55527 1.20943 0.63908 1.84851
0.80000 -0.37830 -1.51450 1.14686 0.69362 1.84048
0.81000 -0.39323 -1.47254 1.08419 0.74875 1.83294
0.82000 -0.40775 -1.42943 1.02163 0.80425 1.82588
0.83000 -0.42182 -1.38521 0.95941 0.85989 1.81930
0.84000 -0.43545 -1.33994 0.89773 0.91545 1.81318
0.85000 -0.44862 -1.29367 0.83679 0.97071 1.80751
0.86000 -0.46132 -1.24645 0.77682 1.02547 1.80228
0.87000 -0.47354 -1.19832 0.71799 1.07950 1.79749
0.88000 -0.48528 -1.14934 0.66049 1.13262 1.79311
0.89000 -0.49653 -1.09956 0.60451 1.18462 1.78914
0.90000 -0.50727 -1.04902 0.55022 1.23533 1.78555
0.91000 -0.51750 -0.99778 0.49778 1.28455 1.78234
0.92000 -0.52722 -0.94589 0.44736 1.33212 1.77948
0.93000 -0.53642 -0.89340 0.39908 1.37787 1.77695
0.94000 -0.54509 -0.84035 0.35310 1.42165 1.77475
0.95000 -0.55322 -0.78680 0.30953 1.46331 1.77284
0.96000 -0.56082 -0.73280 0.26850 1.50272 1.77122
0.97000 -0.56788 -0.67839 0.23011 1.53974 1.76985
0.98000 -0.57439 -0.62362 0.19445 1.57427 1.76872
0.99000 -0.58035 -0.56855 0.16162 1.60619 1.76781
1.00000 -0.58576 -0.51321 0.13169 1.63540 1.76709
1.01000 -0.59061 -0.45766 0.10472 1.66183 1.76655
1.02000 -0.59491 -0.40194 0.08078 1.68538 1.76616
1.03000 -0.59865 -0.34609 0.05989 1.70600 1.76589
1.04000 -0.60183 -0.29018 0.04210 1.72363 1.76573
1.05000 -0.60446 -0.23423 0.02743 1.73822 1.76565
1.06000 -0.60652 -0.17831 0.01590 1.74974 1.76563
1.07000 -0.60802 -0.12244 0.00750 1.75815 1.76565
1.08000 -0.60897 -0.06668 0.00222 1.76346 1.76568
1.09000 -0.60936 -0.01107 0.00006 1.76564 1.76570
1.10000 -0.60919 0.04434 0.00098 1.76470 1.76569
1.11000 -0.60847 0.09951 0.00495 1.76067 1.76562
1.12000 -0.60720 0.15439 0.01192 1.75355 1.76547
1.13000 -0.60538 0.20895 0.02183 1.74340 1.76523
1.14000 -0.60302 0.26313 0.03462 1.73024 1.76486
1.15000 -0.60012 0.31690 0.05021 1.71414 1.76435
1.16000 -0.59669 0.37022 0.06853 1.69515 1.76368
1.17000 -0.59272 0.42303 0.08948 1.67335 1.76282
1.18000 -0.58823 0.47529 0.11295 1.64881 1.76176
1.19000 -0.58322 0.52697 0.13885 1.62163 1.76048
1.20000 -0.57769 0.57802 0.16706 1.59191 1.75896
1.21000 -0.57166 0.62840 0.19744 1.55974 1.75718
1.22000 -0.56512 0.67807 0.22989 1.52524 1.75513
1.23000 -0.55810 0.72698 0.26425 1.48854 1.75278
1.24000 -0.55059 0.77509 0.30038 1.44975 1.75013
1.25000 -0.54260 0.82236 0.33814 1.40902 1.74716
1.26000 -0.53414 0.86875 0.37736 1.36648 1.74385
1.27000 -0.52523 0.91422 0.41790 1.32229 1.74019
1.28000 -0.51586 0.95872 0.45957 1.27660 1.73617
1.29000 -0.50606 1.00222 0.50223 1.22956 1.73179
1.30000 -0.49582 1.04468 0.54568 1.18134 1.72702
1.31000 -0.48517 1.08606 0.58977 1.13210 1.72187
1.32000 -0.47410 1.12632 0.63430 1.08202 1.71632
1.33000 -0.46264 1.16541 0.67909 1.03127 1.71037
1.34000 -0.45080 1.20331 0.72398 0.98003 1.70401
1.35000 -0.43858 1.23997 0.76876 0.92847 1.69723
1.36000 -0.42600 1.27536 0.81327 0.87678 1.69005
1.37000 -0.41308 1.30944 0.85732 0.82513 1.68245
1.38000 -0.39982 1.34218 0.90072 0.77370 1.67443
1.39000 -0.38624 1.37354 0.94331 0.72268 1.66599
1.40000 -0.37235 1.40350 0.98490 0.67224 1.65715
1.41000 -0.35818 1.43201 1.02532 0.62256 1.64788
1.42000 -0.34372 1.45905 1.06441 0.57381 1.63822
1.43000 -0.32900 1.48459 1.10200 0.52615 1.62815
1.44000 -0.31403 1.50860 1.13793 0.47975 1.61768
1.45000 -0.29883 1.53105 1.17206 0.43477 1.60683
1.46000 -0.28342 1.55193 1.20424 0.39136 1.59560
1.47000 -0.26780 1.57120 1.23433 0.34967 1.58401
1.48000 -0.25200 1.58884 1.26221 0.30984 1.57205
1.49000 -0.23603 1.60484 1.28776 0.27199 1.55975
1.50000 -0.21991 1.61918 1.31087 0.23625 1.54712
1.51000 -0.20365 1.63184 1.33144 0.20272 1.53417
1.52000 -0.18728 1.64280 1.34939 0.17153 1.52092
1.53000 -0.17080 1.65205 1.36464 0.14274 1.50738
1.54000 -0.15424 1.65959 1.37711 0.11646 1.49357
1.55000 -0.13761 1.66540 1.38677 0.09274 1.47952
1.56000 -0.12094 1.66948 1.39357 0.07165 1.46523
1.57000 -0.10423 1.67182 1.39748 0.05324 1.45072
1.58000 -0.08751 1.67242 1.39849 0.03754 1.43603
1.59000 -0.07079 1.67128 1.39659 0.02457 1.42116
1.60000 -0.05409 1.66841 1.39180 0.01435 1.40614
1.61000 -0.03742 1.66381 1.38413 0.00687 1.39100
1.62000 -0.02082 1.65748 1.37362 0.00213 1.37574
1.63000 -0.00428 1.64943 1.36031 0.00009 1.36040
1.64000 0.01217 1.63968 1.34428 0.00073 1.34501
1.65000 0.02851 1.62824 1.32558 0.00399 1.32957
1.66000 0.04473 1.61512 1.30431 0.00981 1.31412
1.67000 0.06080 1.60034 1.28055 0.01813 1.29867
1.68000 0.07673 1.58392 1.25440 0.02886 1.28327
1.69000 0.09248 1.56588 1.22599 0.04192 1.26791
1.70000 0.10804 1.54625 1.19544 0.05720 1.25264
1.71000 0.12340 1.52504 1.16288 0.07459 1.23747
1.72000 0.13853 1.50229 1.12844 0.09399 1.22243
1.73000 0.15344 1.47803 1.09228 0.11525 1.20753
1.74000 0.16809 1.45227 1.05455 0.13826 1.19281
1.75000 0.18248 1.42507 1.01541 0.16287 1.17828
1.76000 0.19659 1.39644 0.97502 0.18895 1.16397
1.77000 0.21040 1.36643 0.93356 0.21634 1.14990
1.78000 0.22391 1.33506 0.89120 0.24489 1.13609
1.79000 0.23710 1.30239 0.84811 0.27445 1.12256
1.80000 0.24995 1.26844 0.80447 0.30486 1.10932
1.81000 0.26246 1.23325 0.76045 0.33596 1.09641
1.82000 0.27462 1.19687 0.71625 0.36758 1.08383
1.83000 0.28640 1.15934 0.67203 0.39958 1.07161
1.84000 0.29780 1.12069 0.62798 0.43179 1.05976
1.85000 0.30881 1.08098 0.58426 0.46405 1.04830
1.86000 0.31941 1.04024 0.54105 0.49620 1.03725
1.87000 0.32961 0.99853 0.49853 0.52808 1.02661
1.88000 0.33938 0.95588 0.45685 0.55956 1.01641
1.89000 0.34872 0.91234 0.41618 0.59047 1.00665
1.90000 0.35763 0.86796 0.37668 0.62067 0.99735
1.91000 0.36608 0.82279 0.33849 0.65003 0.98852
1.92000 0.37408 0.77686 0.30176 0.67842 0.98017
1.93000 0.38162 0.73023 0.26662 0.70569 0.97231
1.94000 0.38868 0.68295 0.23321 0.73173 0.96495
1.95000 0.39527 0.63506 0.20165 0.75643 0.95809
1.96000 0.40138 0.58662 0.17206 0.77968 0.95174
1.97000 0.40700 0.53766 0.14454 0.80137 0.94590
1.98000 0.41213 0.48824 0.11919 0.82140 0.94059
1.99000 0.41677 0.43840 0.09610 0.83971 0.93581
2.00000 0.42090 0.38820 0.07535 0.85620 0.93155
2.01000 0.42453 0.33768 0.05701 0.87081 0.92782
2.02000 0.42765 0.28689 0.04115 0.88347 0.92462
2.03000 0.43027 0.23587 0.02782 0.89413 0.92195
2.04000 0.43237 0.18469 0.01705 0.90276 0.91981
2.05000 0.43396 0.13337 0.00889 0.90931 0.91820
2.06000 0.43504 0.08198 0.00336 0.91375 0.91712
2.07000 0.43560 0.03057 0.00047 0.91608 0.91655
2.08000 0.43565 -0.02083 0.00022 0.91628 0.91650
2.09000 0.43518 -0.07217 0.00260 0.91436 0.91696
2.10000 0.43420 -0.12339 0.00761 0.91032 0.91793
2.11000 0.43272 -0.17444 0.01522 0.90418 0.91940
2.12000 0.43072 -0.22529 0.02538 0.89598 0.92136
2.13000 0.42821 -0.27588 0.03806 0.88574 0.92380
2.14000 0.42520 -0.32617 0.05319 0.87352 0.92671
2.15000 0.42169 -0.37610 0.07073 0.85936 0.93009
2.16000 0.41768 -0.42563 0.09058 0.84334 0.93392
2.17000 0.41318 -0.47472 0.11268 0.82551 0.93819
2.18000 0.40819 -0.52332 0.13693 0.80597 0.94290
2.19000 0.40271 -0.57138 0.16324 0.78479 0.94802
2.20000 0.39676 -0.61885 0.19149 0.76206 0.95355
2.21000 0.39034 -0.66569 0.22157 0.73790 0.95947
2.22000 0.38345 -0.71186 0.25337 0.71241 0.96577
2.23000 0.37610 -0.75730 0.28675 0.68569 0.97244
2.24000 0.36831 -0.80198 0.32158 0.65787 0.97946
2.25000 0.36007 -0.84585 0.35773 0.62908 0.98681
2.26000 0.35139 -0.88886 0.39503 0.59944 0.99448
2.27000 0.34229 -0.93097 0.43336 0.56910 1.00245
2.28000 0.33278 -0.97215 0.47253 0.53818 1.01072
2.29000 0.32285 -1.01234 0.51241 0.50684 1.01925
2.30000 0.31253 -1.05150 0.55283 0.47522 1.02804
2.31000 0.30183 -1.08960 0.59362 0.44346 1.03707
2.32000 0.29074 -1.12660 0.63461 0.41172 1.04633
2.33000 0.27930 -1.16245 0.67564 0.38014 1.05578
2.34000 0.26750 -1.19711 0.71654 0.34889 1.06543
2.35000 0.25536 -1.23056 0.75713 0.31811 1.07525
2.36000 0.24289 -1.26274 0.79726 0.28796 1.08522
2.37000 0.23011 -1.29364 0.83675 0.25858 1.09533
2.38000 0.21702 -1.32321 0.87544 0.23012 1.10556
2.39000 0.20365 -1.35142 0.91317 0.20272 1.11589
2.40000 0.19000 -1.37824 0.94978 0.17654 1.12632
2.41000 0.17609 -1.40365 0.98511 0.15170 1.13681
2.42000 0.16193 -1.42760 1.01902 0.12834 1.14736
2.43000 0.14754 -1.45008 1.05136 0.10658 1.15794
2.44000 0.13294 -1.47105 1.08200 0.08655 1.16855
2.45000 0.11813 -1.49050 1.11080 0.06836 1.17916
2.46000 0.10313 -1.50841 1.13765 0.05212 1.18977
2.47000 0.08796 -1.52475 1.16242 0.03793 1.20035
2.48000 0.07264 -1.53950 1.18503 0.02587 1.21090
2.49000 0.05718 -1.55265 1.20536 0.01603 1.22139
2.50000 0.04159 -1.56418 1.22333 0.00848 1.23182
2.51000 0.02590 -1.57408 1.23887 0.00329 1.24216
2.52000 0.01012 -1.58235 1.25191 0.00050 1.25242
2.53000 -0.00574 -1.58896 1.26240 0.00016 1.26256
2.54000 -0.02166 -1.59392 1.27029 0.00230 1.27260
2.55000 -0.03761 -1.59722 1.27556 0.00694 1.28250
2.56000 -0.05360 -1.59886 1.27817 0.01409 1.29226
2.57000 -0.06959 -1.59883 1.27813 0.02374 1.30187
2.58000 -0.08557 -1.59714 1.27543 0.03589 1.31132
2.59000 -0.10152 -1.59380 1.27009 0.05051 1.32060
2.60000 -0.11744 -1.58880 1.26214 0.06757 1.32971
2.61000 -0.13329 -1.58215 1.25160 0.08702 1.33862
2.62000 -0.14907 -1.57387 1.23853 0.10880 1.34734
2.63000 -0.16477 -1.56397 1.22300 0.13286 1.35585
2.64000 -0.18035 -1.55245 1.20505 0.15911 1.36416
2.65000 -0.19581 -1.53934 1.18479 0.18746 1.37225
2.66000 -0.21113 -1.52465 1.16228 0.21783 1.38012
2.67000 -0.22630 -1.50841 1.13764 0.25012 1.38776
2.68000 -0.24129 -1.49062 1.11097 0.28420 1.39517
2.69000 -0.25610 -1.47132 1.08239 0.31996 1.40235
2.70000 -0.27071 -1.45052 1.05200 0.35728 1.40928
2.71000 -0.28511 -1.42826 1.01996 0.39602 1.41598
2.72000 -0.29928 -1.40455 0.98638 0.43605 1.42243
2.73000 -0.31320 -1.37943 0.95142 0.47722 1.42864
2.74000 -0.32686 -1.35293 0.91521 0.51939 1.43460
2.75000 -0.34025 -1.32508 0.87791 0.56240 1.44031
2.76000 -0.35336 -1.29590 0.83968 0.60610 1.44577
2.77000 -0.36616 -1.26543 0.80066 0.65033 1.45099
2.78000 -0.37866 -1.23371 0.76102 0.69493 1.45596
2.79000 -0.39083 -1.20077 0.72092 0.73976 1.46068
2.80000 -0.40267 -1.16664 0.68053 0.78463 1.46516
2.81000 -0.41416 -1.13137 0.64000 0.82940 1.46940
2.82000 -0.42530 -1.09498 0.59949 0.87391 1.47340
2.83000 -0.43606 -1.05752 0.55917 0.91799 1.47716
2.84000 -0.44644 -1.01902 0.51920 0.96149 1.48069
2.85000 -0.45644 -0.97952 0.47973 1.00426 1.48399
2.86000 -0.46603 -0.93907 0.44093 1.04615 1.48707
2.87000 -0.47521 -0.89770 0.40293 1.08700 1.48993
2.88000 -0.48398 -0.85545 0.36589 1.12668 1.49258
2.89000 -0.49232 -0.81235 0.32996 1.16505 1.49501
2.90000 -0.50023 -0.76847 0.29527 1.20198 1.49725
2.91000 -0.50769 -0.72382 0.26196 1.23732 1.49928
2.92000 -0.51470 -0.67846 0.23015 1.27098 1.50113
2.93000 -0.52125 -0.63242 0.19998 1.30281 1.50279
2.94000 -0.52735 -0.58575 0.17155 1.33273 1.50428
2.95000 -0.53297 -0.53848 0.14498 1.36062 1.50560
2.96000 -0.53811 -0.49066 0.12038 1.38638 1.50675
2.97000 -0.54278 -0.44234 0.09783 1.40993 1.50776
2.98000 -0.54696 -0.39354 0.07744 1.43118 1.50862
2.99000 -0.55065 -0.34432 0.05928 1.45006 1.50934
3.00000 -0.55384 -0.29472 0.04343 1.46651 1.50994
3.01000 -0.55654 -0.24477 0.02996 1.48046 1.51041
3.02000 -0.55874 -0.19452 0.01892 1.49186 1.51078
3.03000 -0.56043 -0.14401 0.01037 1.50067 1.51104
3.04000 -0.56162 -0.09329 0.00435 1.50687 1.51122
3.05000 -0.56230 -0.04239 0.00090 1.51042 1.51131
3.06000 -0.56247 0.00864 0.00004 1.51130 1.51134
3.07000 -0.56212 0.05977 0.00179 1.50951 1.51130
3.08000 -0.56127 0.11094 0.00615 1.50505 1.51120
3.09000 -0.55990 0.16211 0.01314 1.49793 1.51107
3.10000 -0.55803 0.21326 0.02274 1.48816 1.51090
3.11000 -0.55564 0.26432 0.03493 1.47578 1.51072
3.12000 -0.55274 0.31526 0.04969 1.46082 1.51052
3.13000 -0.54933 0.36603 0.06699 1.44333 1.51032
3.14000 -0.54542 0.41660 0.08678 1.42335 1.51013
3.15000 -0.54100 0.46692 0.10901 1.40094 1.50995
3.16000 -0.53608 0.51695 0.13362 1.37619 1.50981
3.17000 -0.53067 0.56664 0.16054 1.34917 1.50971
3.18000 -0.52475 0.61595 0.18970 1.31996 1.50965
3.19000 -0.51835 0.66484 0.22101 1.28865 1.50966
3.20000 -0.51146 0.71327 0.25437 1.25536 1.50974
3.21000 -0.50408 0.76118 0.28970 1.22020 1.50990
3.22000 -0.49624 0.80854 0.32687 1.18327 1.51014
3.23000 -0.48792 0.85531 0.36578 1.14471 1.51049
3.24000 -0.47913 0.90144 0.40630 1.10465 1.51094
3.25000 -0.46989 0.94688 0.44830 1.06322 1.51152
3.26000 -0.46020 0.99161 0.49164 1.02058 1.51222
3.27000 -0.45006 1.03556 0.53619 0.97687 1.51306
3.28000 -0.43949 1.07870 0.58180 0.93225 1.51404
3.29000 -0.42849 1.12099 0.62831 0.88687 1.51518
3.30000 -0.41707 1.16238 0.67556 0.84092 1.51648
3.31000 -0.40524 1.20283 0.72340 0.79455 1.51795
3.32000 -0.39302 1.24231 0.77167 0.74794 1.51960
3.33000 -0.38040 1.28076 0.82018 0.70126 1.52144
3.34000 -0.36741 1.31816 0.86877 0.65470 1.52347
3.35000 -0.35404 1.35445 0.91727 0.60842 1.52570
3.36000 -0.34032 1.38961 0.96551 0.56263 1.52813
3.37000 -0.32625 1.42359 1.01330 0.51748 1.53078
3.38000 -0.31185 1.45635 1.06048 0.47317 1.53365
3.39000 -0.29713 1.48786 1.10687 0.42987 1.53674
3.40000 -0.28210 1.51809 1.15229 0.38776 1.54005
3.41000 -0.26677 1.54699 1.19659 0.34701 1.54360
3.42000 -0.25116 1.57454 1.23959 0.30780 1.54739
3.43000 -0.23529 1.60070 1.28113 0.27029 1.55142
3.44000 -0.21916 1.62545 1.32105 0.23464 1.55569
3.45000 -0.20278 1.64876 1.35920 0.20101 1.56021
3.46000 -0.18618 1.67059 1.39543 0.16954 1.56497
3.47000 -0.16938 1.69092 1.42960 0.14038 1.56998
3.48000 -0.15237 1.70973 1.46158 0.11366 1.57524
3.49000 -0.13519 1.72699 1.49125 0.08950 1.58076
3.50000 -0.11784 1.74269 1.51849 0.06803 1.58652
3.51000 -0.10034 1.75681 1.54319 0.04934 1.59253
3.52000 -0.08271 1.76933 1.56526 0.03353 1.59879
3.53000 -0.06496 1.78023 1.58460 0.02069 1.60529
3.54000 -0.04711 1.78950 1.60116 0.01088 1.61204
3.55000 -0.02917 1.79714 1.61485 0.00417 1.61903
3.56000 -0.01117 1.80313 1.62563 0.00061 1.62625
3.57000 0.00688 1.80747 1.63347 0.00023 1.63370
3.58000 0.02497 1.81015 1.63832 0.00306 1.64137
3.59000 0.04308 1.81117 1.64017 0.00910 1.64927
3.60000 0.06119 1.81054 1.63902 0.01836 1.65738
3.61000 0.07929 1.80825 1.63488 0.03082 1.66569
3.62000 0.09735 1.80431 1.62776 0.04645 1.67421
3.63000 0.11537 1.79872 1.61770 0.06521 1.68291
3.64000 0.13332 1.79150 1.60474 0.08705 1.69179
3.65000 0.15119 1.78266 1.58894 0.11191 1.70085
3.66000 0.16897 1.77221 1.57036 0.13971 1.71006
3.67000 0.18663 1.76016 1.54908 0.17035 1.71943
3.68000 0.20417 1.74653 1.52519 0.20375 1.72894
3.69000 0.22156 1.73135 1.49878 0.23979 1.73857
3.70000 0.23879 1.71462 1.46996 0.27835 1.74832
3.71000 0.25584 1.69638 1.43885 0.31931 1.75816
3.72000 0.27271 1.67664 1.40557 0.36253 1.76810
3.73000 0.28937 1.65544 1.37025 0.40787 1.77812
3.74000 0.30581 1.63281 1.33303 0.45516 1.78819
3.75000 0.32202 1.60876 1.29405 0.50426 1.79831
3.76000 0.33798 1.58333 1.25346 0.55500 1.80846
3.77000 0.35369 1.55655 1.21142 0.60721 1.81863
3.78000 0.36911 1.52845 1.16808 0.66072 1.82880
3.79000 0.38425 1.49907 1.12361 0.71535 1.83895
3.80000 0.39909 1.46844 1.07816 0.77091 1.84908
3.81000 0.41361 1.43660 1.03191 0.82724 1.85915
3.82000 0.42782 1.40358 0.98502 0.88414 1.86916
3.83000 0.44168 1.36942 0.93766 0.94143 1.87909
3.84000 0.45520 1.33416 0.88999 0.99893 1.88892
3.85000 0.46836 1.29783 0.84219 1.05645 1.89864
3.86000 0.48115 1.26048 0.79441 1.11382 1.90822
3.87000 0.49357 1.22214 0.74681 1.17085 1.91766
3.88000 0.50559 1.18285 0.69957 1.22736 1.92693
3.89000 0.51722 1.14266 0.65283 1.28319 1.93602
3.90000 0.52844 1.10159 0.60675 1.33816 1.94491
3.91000 0.53925 1.05970 0.56148 1.39211 1.95358
3.92000 0.54964 1.01701 0.51716 1.44487 1.96203
3.93000 0.55959 0.97358 0.47393 1.49629 1.97022
3.94000 0.56911 0.92944 0.43193 1.54622 1.97815
3.95000 0.57818 0.88463 0.39129 1.59451 1.98580
3.96000 0.58680 0.83919 0.35212 1.64103 1.99315
3.97000 0.59496 0.79316 0.31456 1.68563 2.00019
3.98000 0.60266 0.74659 0.27870 1.72821 2.00690
3.99000 0.60989 0.69950 0.24465 1.76862 2.01327
4.00000 0.61665 0.65194 0.21251 1.80678 2.01929
4.01000 0.62293 0.60395 0.18238 1.84256 2.02494
4.02000 0.62872 0.55556 0.15433 1.87588 2.03020
4.03000 0.63404 0.50682 0.12844 1.90664 2.03507
4.04000 0.63886 0.45777 0.10478 1.93476 2.03954
4.05000 0.64319 0.40844 0.08341 1.96017 2.04358
4.06000 0.64703 0.35886 0.06439 1.98280 2.04719
4.07000 0.65037 0.30909 0.04777 2.00259 2.05036
4.08000 0.65321 0.25915 0.03358 2.01950 2.05308
4.09000 0.65555 0.20908 0.02186 2.03348 2.05534
4.10000 0.65739 0.15892 0.01263 2.04450 2.05713
4.11000 0.65873 0.10871 0.00591 2.05253 2.05844
4.12000 0.65956 0.05848 0.00171 2.05755 2.05926
4.13000 0.65990 0.00827 0.00003 2.05956 2.05959
4.14000 0.65973 -0.04188 0.00088 2.05854 2.05942
4.15000 0.65906 -0.09194 0.00423 2.05452 2.05875
4.16000 0.65789 -0.14187 0.01006 2.04750 2.05757
4.17000 0.65622 -0.19163 0.01836 2.03751 2.05587
4.18000 0.65406 -0.24119 0.02909 2.02458 2.05366
4.19000 0.65140 -0.29051 0.04220 2.00874 2.05093
4.20000 0.64825 -0.33955 0.05765 1.99004 2.04768
4.21000 0.64461 -0.38828 0.07538 1.96853 2.04391
4.22000 0.64048 -0.43667 0.09534 1.94428 2.03962
4.23000 0.63588 -0.48467 0.11745 1.91736 2.03481
4.24000 0.63079 -0.53224 0.14164 1.88783 2.02948
4.25000 0.62523 -0.57936 0.16783 1.85580 2.02363
4.26000 0.61921 -0.62599 0.19593 1.82134 2.01727
4.27000 0.61272 -0.67209 0.22585 1.78455 2.01040
4.28000 0.60577 -0.71761 0.25749 1.74554 2.00302
4.29000 0.59837 -0.76254 0.29073 1.70442 1.99515
4.30000 0.59052 -0.80683 0.32548 1.66130 1.98679
4.31000 0.58223 -0.85043 0.36162 1.61632 1.97794
4.32000 0.57351 -0.89333 0.39902 1.56960 1.96862
4.33000 0.56437 -0.93548 0.43756 1.52127 1.95882
4.34000 0.55481 -0.97684 0.47711 1.47147 1.94858
4.35000 0.54483 -1.01738 0.51753 1.42036 1.93788
4.36000 0.53446 -1.05706 0.55869 1.36807 1.92676
4.37000 0.52370 -1.09585 0.60044 1.31476 1.91521
4.38000 0.51255 -1.13371 0.64265 1.26060 1.90325
4.39000 0.50102 -1.17060 0.68515 1.20574 1.89089
4.40000 0.48914 -1.20650 0.72782 1.15034 1.87816
4.41000 0.47690 -1.24136 0.77049 1.09457 1.86506
4.42000 0.46431 -1.27516 0.81301 1.03860 1.85161
4.43000 0.45140 -1.30785 0.85524 0.98259 1.83783
4.44000 0.43816 -1.33941 0.89701 0.92672 1.82373
4.45000 0.42461 -1.36981 0.93818 0.87115 1.80933
4.46000 0.41077 -1.39900 0.97861 0.81606 1.79466
4.47000 0.39664 -1.42698 1.01813 0.76160 1.77973
4.48000 0.38223 -1.45369 1.05661 0.70795 1.76456
4.49000 0.36757 -1.47912 1.09390 0.65527 1.74917
4.50000 0.35266 -1.50323 1.12986 0.60372 1.73358
4.51000 0.33751 -1.52601 1.16435 0.55345 1.71781
4.52000 0.32214 -1.54742 1.19725 0.50463 1.70188
4.53000 0.30656 -1.56744 1.22844 0.45738 1.68582
4.54000 0.29080 -1.58605 1.25778 0.41186 1.66964
4.55000 0.27485 -1.60323 1.28517 0.36821 1.65337
4.56000 0.25874 -1.61895 1.31050 0.32654 1.63704
4.57000 0.24247 -1.63320 1.33368 0.28697 1.62065
4.58000 0.22608 -1.64597 1.35461 0.24963 1.60424
4.59000 0.20956 -1.65723 1.37321 0.21462 1.58783
4.60000 0.19294 -1.66698 1.38941 0.18202 1.57143
4.61000 0.17623 -1.67520 1.40315 0.15193 1.55508
4.62000 0.15944 -1.68188 1.41437 0.12442 1.53879
4.63000 0.14259 -1.68702 1.42303 0.09956 1.52259
4.64000 0.12570 -1.69061 1.42909 0.07740 1.50649
4.65000 0.10879 -1.69265 1.43253 0.05799 1.49052
4.66000 0.09186 -1.69313 1.43334 0.04136 1.47470
4.67000 0.07493 -1.69205 1.43152 0.02753 1.45904
4.68000 0.05802 -1.68942 1.42707 0.01651 1.44358
4.69000 0.04115 -1.68524 1.42001 0.00830 1.42832
4.70000 0.02432 -1.67951 1.41038 0.00290 1.41328
4.71000 0.00756 -1.67225 1.39821 0.00028 1.39849
4.72000 -0.00912 -1.66346 1.38355 0.00041 1.38396
4.73000 -0.02570 -1.65316 1.36647 0.00324 1.36971
4.74000 -0.04218 -1.64135 1.34702 0.00872 1.35575
4.75000 -0.05853 -1.62806 1.32530 0.01680 1.34209
4.76000 -0.07473 -1.61331 1.30138 0.02738 1.32876
4.77000 -0.09079 -1.59710 1.27536 0.04040 1.31576
4.78000 -0.10667 -1.57946 1.24735 0.05576 1.30311
4.79000 -0.12237 -1.56042 1.21746 0.07336 1.29082
4.80000 -0.13788 -1.54000 1.18580 0.09309 1.27889
4.81000 -0.15317 -1.51822 1.15249 0.11485 1.26734
4.82000 -0.16824 -1.49511 1.11767 0.13850 1.25617
4.83000 -0.18307 -1.47070 1.08148 0.16392 1.24540
4.84000 -0.19764 -1.44502 1.04404 0.19098 1.23502
4.85000 -0.21196 -1.41810 1.00550 0.21955 1.22505
4.86000 -0.22600 -1.38997 0.96601 0.24947 1.21548
4.87000 -0.23976 -1.36068 0.92572 0.28061 1.20633
4.88000 -0.25321 -1.33024 0.88477 0.31282 1.19758
4.89000 -0.26636 -1.29870 0.84331 0.34594 1.18925
4.90000 -0.27918 -1.26609 0.80149 0.37983 1.18132
4.91000 -0.29168 -1.23245 0.75947 0.41434 1.17381
4.92000 -0.30383 -1.19782 0.71739 0.44932 1.16671
4.93000 -0.31563 -1.16224 0.67540 0.48460 1.16001
4.94000 -0.32707 -1.12575 0.63365 0.52005 1.15371
4.95000 -0.33814 -1.08838 0.59229 0.55551 1.14780
4.96000 -0.34884 -1.05018 0.55144 0.59084 1.14228
4.97000 -0.35914 -1.01119 0.51125 0.62589 1.13714
4.98000 -0.36906 -0.97144 0.47185 0.66053 1.13238
4.99000 -0.37857 -0.93099 0.43337 0.69460 1.12797
5.00000 -0.38767 -0.88987 0.39593 0.72799 1.12392
5.01000 -0.39636 -0.84812 0.35965 0.76056 1.12022
5.02000 -0.40463 -0.80579 0.32465 0.79219 1.11684
5.03000 -0.41248 -0.76291 0.29102 0.82276 1.11378
5.04000 -0.41989 -0.71954 0.25887 0.85216 1.11103
5.05000 -0.42687 -0.67571 0.22829 0.88028 1.10857
5.06000 -0.43340 -0.63147 0.19937 0.90702 1.10639
5.07000 -0.43950 -0.58685 0.17219 0.93228 1.10448
5.08000 -0.44514 -0.54190 0.14683 0.95598 1.10281
5.09000 -0.45033 -0.49666 0.12334 0.97803 1.10137
5.10000 -0.45507 -0.45117 0.10178 0.99837 1.10015
5.11000 -0.45936 -0.40548 0.08221 1.01692 1.09913
5.12000 -0.46318 -0.35963 0.06467 1.03362 1.09829
5.13000 -0.46655 -0.31366 0.04919 1.04843 1.09762
5.14000 -0.46945 -0.26760 0.03580 1.06129 1.09710
5.15000 -0.47190 -0.22150 0.02453 1.07217 1.09670
5.16000 -0.47388 -0.17541 0.01538 1.08104 1.09642
5.17000 -0.47541 -0.12936 0.00837 1.08787 1.09624
5.18000 -0.47647 -0.08339 0.00348 1.09265 1.09613
5.19000 -0.47708 -0.03754 0.00070 1.09537 1.09608
5.20000 -0.47722 0.00815 0.00003 1.09603 1.09607
5.21000 -0.47691 0.05363 0.00144 1.09464 1.09608
5.22000 -0.47615 0.09887 0.00489 1.09121 1.09610
5.23000 -0.47494 0.14383 0.01034 1.08576 1.09610
5.24000 -0.47328 0.18847 0.01776 1.07832 1.09608
5.25000 -0.47117 0.23275 0.02709 1.06892 1.09600
5.26000 -0.46862 0.27663 0.03826 1.05760 1.09586
5.27000 -0.46564 0.32008 0.05122 1.04442 1.09564
5.28000 -0.46222 0.36305 0.06590 1.02942 1.09533
5.29000 -0.45838 0.40551 0.08222 1.01268 1.09490
5.30000 -0.45411 0.44742 0.10009 0.99424 1.09434
5.31000 -0.44943 0.48875 0.11944 0.97419 1.09363
5.32000 -0.44434 0.52946 0.14016 0.95261 1.09277
5.33000 -0.43885 0.56951 0.16217 0.92957 1.09174
5.34000 -0.43295 0.60886 0.18536 0.90516 1.09052
5.35000 -0.42667 0.64749 0.20962 0.87948 1.08910
5.36000 -0.42001 0.68535 0.23485 0.85262 1.08747
5.37000 -0.41297 0.72241 0.26094 0.82468 1.08562
5.38000 -0.40556 0.75864 0.28777 0.79577 1.08354
5.39000 -0.39780 0.79400 0.31522 0.76600 1.08121
5.40000 -0.38968 0.82846 0.34318 0.73546 1.07864
5.41000 -0.38123 0.86200 0.37152 0.70428 1.07580
5.42000 -0.37245 0.89457 0.40013 0.67258 1.07270
5.43000 -0.36334 0.92614 0.42887 0.64045 1.06933
5.44000 -0.35393 0.95670 0.45763 0.60803 1.06567
5.45000 -0.34421 0.98620 0.48629 0.57544 1.06173
5.46000 -0.33421 1.01461 0.51472 0.54278 1.05750
5.47000 -0.32392 1.04192 0.54280 0.51018 1.05298
5.48000 -0.31337 1.06809 0.57041 0.47775 1.04816
5.49000 -0.30257 1.09310 0.59743 0.44562 1.04305
5.50000 -0.29151 1.11692 0.62376 0.41389 1.03764
5.51000 -0.28023 1.13953 0.64927 0.38267 1.03194
5.52000 -0.26873 1.16091 0.67385 0.35209 1.02594
5.53000 -0.25702 1.18103 0.69742 0.32223 1.01965
5.54000 -0.24511 1.19988 0.71985 0.29322 1.01307
5.55000 -0.23302 1.21743 0.74106 0.26514 1.00620
5.56000 -0.22077 1.23367 0.76097 0.23809 0.99906
5.57000 -0.20835 1.24858 0.77947 0.21217 0.99164
5.58000 -0.19580 1.26214 0.79650 0.18745 0.98395
5.59000 -0.18312 1.27435 0.81198 0.16401 0.97600
5.60000 -0.17032 1.28519 0.82585 0.14194 0.96780
5.61000 -0.15742 1.29465 0.83805 0.12130 0.95935
5.62000 -0.14443 1.30271 0.84853 0.10214 0.95067
5.63000 -0.13137 1.30938 0.85724 0.08453 0.94177
5.64000 -0.11825 1.31465 0.86415 0.06850 0.93265
5.65000 -0.10508 1.31851 0.86923 0.05411 0.92334
5.66000 -0.09188 1.32095 0.87246 0.04138 0.91384
5.67000 -0.07867 1.32199 0.87382 0.03034 0.90416
5.68000 -0.06545 1.32161 0.87332 0.02100 0.89432
5.69000 -0.05224 1.31982 0.87096 0.01338 0.88434
5.70000 -0.03905 1.31662 0.86675 0.00748 0.87423
5.71000 -0.02591 1.31202 0.86070 0.00329 0.86400
5.72000 -0.01282 1.30603 0.85286 0.00081 0.85366
5.73000 0.00021 1.29865 0.84325 0.00000 0.84325
5.74000 0.01315 1.28990 0.83192 0.00085 0.83276
5.75000 0.02600 1.27978 0.81891 0.00332 0.82223
5.76000 0.03874 1.26830 0.80430 0.00736 0.81166
5.77000 0.05136 1.25549 0.78813 0.01294 0.80107
5.78000 0.06385 1.24136 0.77049 0.01999 0.79048
5.79000 0.07618 1.22593 0.75145 0.02845 0.77991
5.80000 0.08836 1.20921 0.73110 0.03827 0.76937
5.81000 0.10036 1.19123 0.70952 0.04937 0.75888
5.82000 0.11218 1.17201 0.68680 0.06166 0.74847
5.83000 0.12380 1.15157 0.66306 0.07508 0.73814
5.84000 0.13521 1.12993 0.63837 0.08953 0.72791
5.85000 0.14639 1.10713 0.61287 0.10493 0.71780
5.86000 0.15735 1.08318 0.58664 0.12119 0.70783
5.87000 0.16805 1.05812 0.55981 0.13820 0.69802
5.88000 0.17851 1.03198 0.53249 0.15588 0.68837
5.89000 0.18869 1.00478 0.50479 0.17412 0.67891
5.90000 0.19860 0.97656 0.47683 0.19282 0.66966
5.91000 0.20822 0.94734 0.44873 0.21189 0.66062
5.92000 0.21754 0.91717 0.42060 0.23121 0.65181
5.93000 0.22656 0.88607 0.39256 0.25069 0.64325
5.94000 0.23526 0.85408 0.36472 0.27023 0.63495
5.95000 0.24364 0.82123 0.33721 0.28972 0.62693
5.96000 0.25168 0.78756 0.31013 0.30907 0.61919
5.97000 0.25939 0.75311 0.28359 0.32817 0.61176
5.98000 0.26674 0.71791 0.25770 0.34693 0.60463
5.99000 0.27374 0.68201 0.23257 0.36527 0.59783
6.00000 0.28038 0.64543 0.20829 0.38308 0.59136
6.01000 0.28665 0.60821 0.18496 0.40028 0.58524
6.02000 0.29254 0.57040 0.16268 0.41679 0.57947
6.03000 0.29805 0.53204 0.14153 0.43253 0.57406
6.04000 0.30318 0.49316 0.12160 0.44742 0.56902
6.05000 0.30792 0.45381 0.10297 0.46139 0.56436
6.06000 0.31226 0.41402 0.08570 0.47438 0.56009
6.07000 0.31620 0.37383 0.06987 0.48633 0.55620
6.08000 0.31973 0.33329 0.05554 0.49717 0.55271
6.09000 0.32286 0.29243 0.04276 0.50687 0.54962
6.10000 0.32558 0.25130 0.03158 0.51536 0.54694
6.11000 0.32789 0.20993 0.02204 0.52262 0.54466
6.12000 0.32978 0.16838 0.01418 0.52862 0.54279
6.13000 0.33125 0.12667 0.00802 0.53331 0.54134
6.14000 0.33231 0.08486 0.00360 0.53669 0.54029
6.15000 0.33295 0.04297 0.00092 0.53874 0.53966
6.16000 0.33317 0.00106 0.00000 0.53945 0.53945
6.17000 0.33297 -0.04084 0.00083 0.53881 0.53964
6.18000 0.33235 -0.08269 0.00342 0.53683 0.54025
6.19000 0.33132 -0.12444 0.00774 0.53352 0.54126
6.20000 0.32986 -0.16605 0.01379 0.52889 0.54268
6.21000 0.32800 -0.20749 0.02153 0.52297 0.54450
6.22000 0.32572 -0.24871 0.03093 0.51579 0.54672
6.23000 0.32302 -0.28967 0.04195 0.50737 0.54933
6.24000 0.31992 -0.33033 0.05456 0.49776 0.55232
6.25000 0.31642 -0.37066 0.06869 0.48701 0.55570
6.26000 0.31251 -0.41061 0.08430 0.47515 0.55945
6.27000 0.30821 -0.45013 0.10131 0.46226 0.56357
6.28000 0.30351 -0.48921 0.11966 0.44838 0.56804
6.29000 0.29842 -0.52778 0.13928 0.43359 0.57287
6.30000 0.29296 -0.56582 0.16008 0.41796 0.57804
6.31000 0.28711 -0.60329 0.18198 0.40156 0.58354
6.32000 0.28089 -0.64015 0.20489 0.38447 0.58936
6.33000 0.27431 -0.67636 0.22873 0.36677 0.59550
6.34000 0.26737 -0.71188 0.25339 0.34855 0.60194
6.35000 0.26007 -0.74668 0.27877 0.32990 0.60867
6.36000 0.25244 -0.78073 0.30477 0.31091 0.61568
6.37000 0.24446 -0.81398 0.33128 0.29167 0.62296
6.38000 0.23616 -0.84641 0.35820 0.27229 0.63049
6.39000 0.22754 -0.87797 0.38542 0.25285 0.63827
6.40000 0.21860 -0.90864 0.41281 0.23346 0.64628
6.41000 0.20937 -0.93839 0.44028 0.21422 0.65451
6.42000 0.19984 -0.96717 0.46771 0.19523 0.66294
6.43000 0.19003 -0.99497 0.49498 0.17659 0.67157
6.44000 0.17994 -1.02175 0.52198 0.15839 0.68038
6.45000 0.16960 -1.04748 0.54861 0.14074 0.68935
6.46000 0.15900 -1.07214 0.57474 0.12374 0.69848
6.47000 0.14816 -1.09569 0.60027 0.10747 0.70774
6.48000 0.13709 -1.11812 0.62510 0.09203 0.71713
6.49000 0.12580 -1.13939 0.64911 0.07752 0.72663
6.50000 0.11430 -1.15949 0.67221 0.06401 0.73623
6.51000 0.10261 -1.17840 0.69431 0.05160 0.74591
6.52000 0.09074 -1.19608 0.71531 0.04036 0.75566
6.53000 0.07869 -1.21253 0.73511 0.03036 0.76547
6.54000 0.06649 -1.22772 0.75365 0.02168 0.77533
6.55000 0.05414 -1.24164 0.77083 0.01438 0.78521
6.56000 0.04166 -1.25427 0.78660 0.00851 0.79511
6.57000 0.02906 -1.26560 0.80087 0.00414 0.80501
6.58000 0.01636 -1.27561 0.81359 0.00131 0.81491
6.59000 0.00356 -1.28430 0.82472 0.00006 0.82478
6.60000 -0.00933 -1.29166 0.83419 0.00043 0.83462
6.61000 -0.02227 -1.29767 0.84198 0.00243 0.84441
6.62000 -0.03527 -1.30234 0.84804 0.00610 0.85414
6.63000 -0.04832 -1.30565 0.85236 0.01145 0.86381
6.64000 -0.06138 -1.30760 0.85491 0.01848 0.87339
6.65000 -0.07446 -1.30820 0.85569 0.02718 0.88288
6.66000 -0.08754 -1.30744 0.85470 0.03757 0.89226
6.67000 -0.10061 -1.30532 0.85193 0.04961 0.90154
6.68000 -0.11364 -1.30185 0.84741 0.06328 0.91069
6.69000 -0.12664 -1.29703 0.84114 0.07856 0.91970
6.70000 -0.13958 -1.29087 0.83317 0.09541 0.92858
6.71000 -0.15245 -1.28337 0.82352 0.11378 0.93730
6.72000 -0.16524 -1.27455 0.81224 0.13363 0.94587
6.73000 -0.17794 -1.26441 0.79937 0.15489 0.95426
6.74000 -0.19053 -1.25297 0.78497 0.17752 0.96248
6.75000 -0.20299 -1.24024 0.76910 0.20143 0.97052
6.76000 -0.21533 -1.22623 0.75182 0.22655 0.97837
6.77000 -0.22751 -1.21097 0.73322 0.25280 0.98603
6.78000 -0.23954 -1.19446 0.71337 0.28011 0.99348
6.79000 -0.25140 -1.17674 0.69235 0.30838 1.00073
6.80000 -0.26307 -1.15780 0.67026 0.33751 1.00777
6.81000 -0.27455 -1.13769 0.64717 0.36742 1.01459
6.82000 -0.28582 -1.11642 0.62319 0.39799 1.02119
6.83000 -0.29688 -1.09401 0.59843 0.42914 1.02757
6.84000 -0.30770 -1.07048 0.57297 0.46075 1.03372
6.85000 -0.31828 -1.04587 0.54692 0.49271 1.03964
6.86000 -0.32861 -1.02020 0.52040 0.52493 1.04533
6.87000 -0.33868 -0.99349 0.49351 0.55728 1.05079
6.88000 -0.34848 -0.96577 0.46636 0.58965 1.05601
6.89000 -0.35800 -0.93708 0.43906 0.62194 1.06100
6.90000 -0.36722 -0.90743 0.41172 0.65404 1.06576
6.91000 -0.37614 -0.87687 0.38445 0.68583 1.07027
6.92000 -0.38475 -0.84541 0.35736 0.71720 1.07456
6.93000 -0.39305 -0.81310 0.33056 0.74805 1.07861
6.94000 -0.40101 -0.77995 0.30416 0.77826 1.08243
6.95000 -0.40864 -0.74601 0.27827 0.80775 1.08601
6.96000 -0.41593 -0.71131 0.25298 0.83639 1.08937
6.97000 -0.42287 -0.67588 0.22841 0.86410 1.09251
6.98000 -0.42945 -0.63975 0.20464 0.89078 1.09542
6.99000 -0.43566 -0.60295 0.18178 0.91633 1.09811
7.00000 -0.44150 -0.56553 0.15991 0.94067 1.10058
7.01000 -0.44697 -0.52751 0.13913 0.96372 1.10285
7.02000 -0.45205 -0.48893 0.11952 0.98538 1.10491
7.03000 -0.45674 -0.44982 0.10117 1.00559 1.10676
7.04000 -0.46105 -0.41022 0.08414 1.02428 1.10842
7.05000 -0.46495 -0.37016 0.06851 1.04138 1.10989
7.06000 -0.46845 -0.32968 0.05435 1.05683 1.11117
7.07000 -0.47154 -0.28882 0.04171 1.07057 1.11228
7.08000 -0.47422 -0.24761 0.03065 1.08255 1.11321
7.09000 -0.47649 -0.20608 0.02123 1.09274 1.11397
7.10000 -0.47834 -0.16427 0.01349 1.10108 1.11458
7.11000 -0.47978 -0.12222 0.00747 1.10756 1.11503
7.12000 -0.48079 -0.07997 0.00320 1.11215 1.11534
7.13000 -0.48137 -0.03755 0.00070 1.11481 1.11552
7.14000 -0.48154 0.00501 0.00001 1.11555 1.11557
7.15000 -0.48127 0.04767 0.00114 1.11436 1.11549
7.16000 -0.48058 0.09038 0.00408 1.11123 1.11531
7.17000 -0.47947 0.13312 0.00886 1.10616 1.11502
7.18000 -0.47792 0.17585 0.01546 1.09918 1.11464
7.19000 -0.47595 0.21852 0.02388 1.09030 1.11418
7.20000 -0.47355 0.26111 0.03409 1.07955 1.11364
7.21000 -0.47073 0.30358 0.04608 1.06695 1.11303
7.22000 -0.46748 0.34588 0.05982 1.05255 1.11237
7.23000 -0.46381 0.38799 0.07527 1.03638 1.11165
7.24000 -0.45972 0.42987 0.09239 1.01851 1.11090
7.25000 -0.45521 0.47147 0.11114 0.99898 1.11012
7.26000 -0.45029 0.51277 0.13146 0.97786 1.10933
7.27000 -0.44496 0.55372 0.15330 0.95522 1.10852
7.28000 -0.43922 0.59429 0.17659 0.93113 1.10772
7.29000 -0.43308 0.63444 0.20125 0.90567 1.10692
7.30000 -0.42653 0.67413 0.22723 0.87892 1.10615
7.31000 -0.41959 0.71334 0.25442 0.85098 1.10540
7.32000 -0.41227 0.75201 0.28276 0.82193 1.10470
7.33000 -0.40456 0.79012 0.31215 0.79189 1.10404
7.34000 -0.39647 0.82763 0.34249 0.76095 1.10344
7.35000 -0.38801 0.86451 0.37369 0.72922 1.10291
7.36000 -0.37918 0.90071 0.40564 0.69682 1.10246
7.37000 -0.36999 0.93621 0.43824 0.66385 1.10209
7.38000 -0.36046 0.97097 0.47139 0.63043 1.10182
7.39000 -0.35058 1.00494 0.50496 0.59670 1.10165
7.40000 -0.34036 1.03811 0.53884 0.56276 1.10160
7.41000 -0.32982 1.07044 0.57292 0.52875 1.10166
7.42000 -0.31896 1.10189 0.60708 0.49478 1.10186
7.43000 -0.30778 1.13243 0.64120 0.46100 1.10219
7.44000 -0.29631 1.16203 0.67515 0.42751 1.10267
7.45000 -0.28455 1.19066 0.70883 0.39447 1.10330
7.46000 -0.27250 1.21828 0.74211 0.36198 1.10409
7.47000 -0.26018 1.24488 0.77486 0.33018 1.10504
7.48000 -0.24761 1.27042 0.80698 0.29919 1.10616
7.49000 -0.23478 1.29487 0.83834 0.26913 1.10747
7.50000 -0.22171 1.31820 0.86883 0.24013 1.10895
7.51000 -0.20842 1.34040 0.89834 0.21229 1.11063
7.52000 -0.19491 1.36143 0.92675 0.18575 1.11250
7.53000 -0.18119 1.38128 0.95397 0.16060 1.11456
7.54000 -0.16729 1.39992 0.97989 0.13695 1.11683
7.55000 -0.15320 1.41733 1.00441 0.11490 1.11931
7.56000 -0.13894 1.43349 1.02744 0.09454 1.12199
7.57000 -0.12453 1.44838 1.04890 0.07597 1.12488
7.58000 -0.10998 1.46199 1.06871 0.05927 1.12798
7.59000 -0.09530 1.47430 1.08678 0.04451 1.13130
7.60000 -0.08050 1.48530 1.10306 0.03177 1.13483
7.61000 -0.06560 1.49497 1.11747 0.02110 1.13857
7.62000 -0.05060 1.50331 1.12998 0.01256 1.14253
7.63000 -0.03554 1.51031 1.14051 0.00619 1.14671
7.64000 -0.02040 1.51595 1.14905 0.00204 1.15109
7.65000 -0.00522 1.52023 1.15556 0.00013 1.15569
7.66000 0.01000 1.52316 1.16001 0.00049 1.16050
7.67000 0.02524 1.52472 1.16238 0.00312 1.16551
7.68000 0.04049 1.52491 1.16268 0.00804 1.17072
7.69000 0.05573 1.52374 1.16089 0.01523 1.17612
7.70000 0.07096 1.52121 1.15704 0.02469 1.18172
7.71000 0.08615 1.51732 1.15113 0.03638 1.18751
7.72000 0.10130 1.51208 1.14319 0.05029 1.19348
7.73000 0.11639 1.50549 1.13325 0.06637 1.19962
7.74000 0.13140 1.49757 1.12136 0.08457 1.20593
7.75000 0.14634 1.48832 1.10755 0.10485 1.21240
7.76000 0.16117 1.47776 1.09189 0.12713 1.21902
7.77000 0.17589 1.46590 1.07443 0.15135 1.22578
7.78000 0.19048 1.45276 1.05525 0.17743 1.23268
7.79000 0.20494 1.43834 1.03442 0.20529 1.23970
7.80000 0.21924 1.42268 1.01201 0.23483 1.24684
7.81000 0.23339 1.40579 0.98812 0.26596 1.25408
7.82000 0.24736 1.38768 0.96283 0.29858 1.26141
7.83000 0.26114 1.36838 0.93624 0.33259 1.26882
7.84000 0.27472 1.34792 0.90844 0.36786 1.27630
7.85000 0.28809 1.32631 0.87955 0.40429 1.28384
7.86000 0.30124 1.30359 0.84967 0.44175 1.29143
7.87000 0.31416 1.27977 0.81891 0.48013 1.29904
7.88000 0.32683 1.25489 0.78737 0.51930 1.30667
7.89000 0.33925 1.22896 0.75518 0.55914 1.31431
7.90000 0.35141 1.20203 0.72244 0.59950 1.32194
7.91000 0.36329 1.17412 0.68928 0.64027 1.32955
7.92000 0.37489 1.14525 0.65580 0.68132 1.33712
7.93000 0.38619 1.11547 0.62213 0.72251 1.34464
7.94000 0.39719 1.08479 0.58838 0.76371 1.35209
7.95000 0.40789 1.05325 0.55467 0.80480 1.35947
7.96000 0.41826 1.02089 0.52111 0.84564 1.36675
7.97000 0.42830 0.98774 0.48781 0.88611 1.37392
7.98000 0.43801 0.95382 0.45488 0.92608 1.38097
7.99000 0.44737 0.91917 0.42244 0.96544 1.38788
8.00000 0.45639 0.88383 0.39058 1.00406 1.39464
8.01000 0.46505 0.84782 0.35940 1.04183 1.40123
8.02000 0.47334 0.81119 0.32902 1.07862 1.40764
8.03000 0.48127 0.77396 0.29951 1.11434 1.41385
8.04000 0.48882 0.73618 0.27098 1.14888 1.41986
8.05000 0.49599 0.69786 0.24350 1.18214 1.42564
8.06000 0.50278 0.65905 0.21718 1.21401 1.43119
8.07000 0.50917 0.61979 0.19207 1.24441 1.43648
8.08000 0.51517 0.58009 0.16825 1.27326 1.44151
8.09000 0.52077 0.54001 0.14581 1.30046 1.44627
8.10000 0.52597 0.49957 0.12479 1.32595 1.45074
8.11000 0.53076 0.45881 0.10525 1.34965 1.45490
8.12000 0.53515 0.41776 0.08726 1.37150 1.45876
8.13000 0.53912 0.37646 0.07086 1.39143 1.46229
8.14000 0.54267 0.33493 0.05609 1.40940 1.46549
8.15000 0.54582 0.29322 0.04299 1.42535 1.46834
8.16000 0.54854 0.25135 0.03159 1.43925 1.47084
8.17000 0.55084 0.20937 0.02192 1.45106 1.47297
8.18000 0.55273 0.16729 0.01399 1.46074 1.47474
8.19000 0.55419 0.12516 0.00783 1.46828 1.47612
8.20000 0.55523 0.08302 0.00345 1.47366 1.47711
8.21000 0.55585 0.04088 0.00084 1.47687 1.47770
8.22000 0.55605 -0.00121 0.00000 1.47789 1.47789
8.23000 0.55582 -0.04322 0.00093 1.47674 1.47768
8.24000 0.55518 -0.08513 0.00362 1.47342 1.47704
8.25000 0.55412 -0.12688 0.00805 1.46794 1.47599
8.26000 0.55265 -0.16847 0.01419 1.46033 1.47452
8.27000 0.55075 -0.20984 0.02202 1.45060 1.47262
8.28000 0.54845 -0.25097 0.03149 1.43879 1.47029
8.29000 0.54574 -0.29183 0.04258 1.42494 1.46753
8.30000 0.54261 -0.33239 0.05524 1.40909 1.46433
8.31000 0.53909 -0.37261 0.06942 1.39128 1.46070
8.32000 0.53516 -0.41245 0.08506 1.37158 1.45664
8.33000 0.53084 -0.45190 0.10211 1.35004 1.45214
8.34000 0.52613 -0.49092 0.12050 1.32672 1.44722
8.35000 0.52102 -0.52947 0.14017 1.30169 1.44186
8.36000 0.51554 -0.56753 0.16104 1.27503 1.43608
8.37000 0.50968 -0.60506 0.18305 1.24682 1.42987
8.38000 0.50344 -0.64203 0.20610 1.21714 1.42325
8.39000 0.49684 -0.67842 0.23013 1.18608 1.41621
8.40000 0.48987 -0.71419 0.25503 1.15373 1.40876
8.41000 0.48255 -0.74931 0.28073 1.12018 1.40091
8.42000 0.47489 -0.78375 0.30713 1.08554 1.39267
8.43000 0.46688 -0.81748 0.33414 1.04991 1.38404
8.44000 0.45854 -0.85048 0.36166 1.01338 1.37504
8.45000 0.44988 -0.88271 0.38958 0.97608 1.36567
8.46000 0.44089 -0.91414 0.41782 0.93811 1.35593
8.47000 0.43160 -0.94475 0.44627 0.89958 1.34586
8.48000 0.42200 -0.97451 0.47483 0.86061 1.33544
8.49000 0.41211 -1.00339 0.50339 0.82131 1.32470
8.50000 0.40193 -1.03136 0.53185 0.78179 1.31365
8.51000 0.39148 -1.05840 0.56011 0.74219 1.30230
8.52000 0.38077 -1.08449 0.58806 0.70260 1.29066
8.53000 0.36980 -1.10960 0.61560 0.66315 1.27875
8.54000 0.35858 -1.13370 0.64263 0.62395 1.26659
8.55000 0.34713 -1.15677 0.66905 0.58513 1.25418
8.56000 0.33545 -1.17879 0.69477 0.54678 1.24155
8.57000 0.32355 -1.19973 0.71968 0.50903 1.22871
8.58000 0.31146 -1.21959 0.74370 0.47198 1.21568
8.59000 0.29917 -1.23833 0.76673 0.43574 1.20246
8.60000 0.28669 -1.25594 0.78869 0.40041 1.18909
8.61000 0.27405 -1.27240 0.80949 0.36609 1.17558
8.62000 0.26125 -1.28769 0.82907 0.33288 1.16195
8.63000 0.24830 -1.30180 0.84734 0.30086 1.14820
8.64000 0.23522 -1.31471 0.86424 0.27013 1.13437
8.65000 0.22201 -1.32642 0.87970 0.24077 1.12047
8.66000 0.20869 -1.33691 0.89366 0.21285 1.10651
8.67000 0.19528 -1.34616 0.90607 0.18645 1.09252
8.68000 0.18177 -1.35417 0.91689 0.16163 1.07852
8.69000 0.16820 -1.36094 0.92608 0.13844 1.06452
8.70000 0.15456 -1.36645 0.93360 0.11694 1.05054
8.71000 0.14087 -1.37070 0.93941 0.09718 1.03660
8.72000 0.12715 -1.37369 0.94352 0.07919 1.02271
8.73000 0.11340 -1.37542 0.94589 0.06301 1.00890
8.74000 0.09965 -1.37587 0.94652 0.04866 0.99518
8.75000 0.08589 -1.37507 0.94540 0.03616 0.98157
8.76000 0.07215 -1.37300 0.94256 0.02552 0.96808
8.77000 0.05843 -1.36967 0.93799 0.01674 0.95474
8.78000 0.04476 -1.36508 0.93173 0.00983 0.94155
8.79000 0.03114 -1.35925 0.92378 0.00476 0.92854
8.80000 0.01758 -1.35218 0.91420 0.00152 0.91571
8.81000 0.00410 -1.34388 0.90301 0.00008 0.90309
8.82000 -0.00929 -1.33436 0.89026 0.00042 0.89069
8.83000 -0.02259 -1.32364 0.87601 0.00250 0.87851
8.84000 -0.03576 -1.31172 0.86031 0.00627 0.86658
8.85000 -0.04882 -1.29863 0.84322 0.01169 0.85490
8.86000 -0.06173 -1.28437 0.82481 0.01869 0.84349
8.87000 -0.07450 -1.26897 0.80515 0.02721 0.83236
8.88000 -0.08711 -1.25245 0.78431 0.03719 0.82151
8.89000 -0.09954 -1.23482 0.76239 0.04856 0.81096
8.90000 -0.11180 -1.21611 0.73946 0.06125 0.80071
8.91000 -0.12386 -1.19634 0.71562 0.07516 0.79077
8.92000 -0.13572 -1.17553 0.69094 0.09022 0.78116
8.93000 -0.14737 -1.15371 0.66553 0.10634 0.77186
8.94000 -0.15879 -1.13091 0.63948 0.12342 0.76290
8.95000 -0.16999 -1.10714 0.61288 0.14139 0.75427
8.96000 -0.18093 -1.08244 0.58584 0.16014 0.74598
8.97000 -0.19163 -1.05684 0.55845 0.17957 0.73803
8.98000 -0.20207 -1.03036 0.53082 0.19960 0.73042
8.99000 -0.21224 -1.00304 0.50304 0.22011 0.72315
9.00000 -0.22213 -0.97490 0.47521 0.24102 0.71623
9.01000 -0.23173 -0.94597 0.44743 0.26222 0.70965
9.02000 -0.24104 -0.91630 0.41980 0.28361 0.70342
9.03000 -0.25005 -0.88591 0.39241 0.30510 0.69752
9.04000 -0.25876 -0.85482 0.36536 0.32659 0.69195
9.05000 -0.26715 -0.82309 0.33874 0.34799 0.68673
9.06000 -0.27522 -0.79074 0.31263 0.36919 0.68182
9.07000 -0.28296 -0.75780 0.28713 0.39012 0.67725
9.08000 -0.29037 -0.72430 0.26231 0.41067 0.67298
9.09000 -0.29745 -0.69030 0.23825 0.43078 0.66903
9.10000 -0.30418 -0.65581 0.21504 0.45034 0.66538
9.11000 -0.31056 -0.62087 0.19274 0.46929 0.66203
9.12000 -0.31659 -0.58552 0.17142 0.48754 0.65896
9.13000 -0.32227 -0.54980 0.15114 0.50503 0.65617
9.14000 -0.32759 -0.51374 0.13196 0.52168 0.65365
9.15000 -0.33254 -0.47737 0.11394 0.53744 0.65138
9.16000 -0.33713 -0.44073 0.09712 0.55224 0.64936
9.17000 -0.34136 -0.40386 0.08155 0.56603 0.64758
9.18000 -0.34521 -0.36680 0.06727 0.57875 0.64602
9.19000 -0.34869 -0.32957 0.05431 0.59037 0.64467
9.20000 -0.35180 -0.29222 0.04269 0.60083 0.64353
9.21000 -0.35454 -0.25477 0.03245 0.61011 0.64257
9.22000 -0.35690 -0.21727 0.02360 0.61817 0.64178
9.23000 -0.35888 -0.17976 0.01616 0.62500 0.64115
9.24000 -0.36049 -0.14225 0.01012 0.63056 0.64067
9.25000 -0.36173 -0.10480 0.00549 0.63484 0.64033
9.26000 -0.36259 -0.06744 0.00227 0.63783 0.64010
9.27000 -0.36308 -0.03020 0.00046 0.63953 0.63999
9.28000 -0.36319 0.00689 0.00002 0.63994 0.63996
9.29000 -0.36294 0.04379 0.00096 0.63905 0.64001
9.30000 -0.36232 0.08047 0.00324 0.63689 0.64013
9.31000 -0.36133 0.11688 0.00683 0.63346 0.64029
9.32000 -0.35998 0.15301 0.01171 0.62879 0.64049
9.33000 -0.35827 0.18881 0.01782 0.62290 0.64072
9.34000 -0.35621 0.22425 0.02514 0.61581 0.64095
9.35000 -0.35379 0.25930 0.03362 0.60756 0.64118
9.36000 -0.35102 0.29393 0.04320 0.59820 0.64140
9.37000 -0.34791 0.32811 0.05383 0.58775 0.64158
9.38000 -0.34446 0.36180 0.06545 0.57626 0.64171
9.39000 -0.34068 0.39497 0.07800 0.56379 0.64180
9.40000 -0.33656 0.42760 0.09142 0.55039 0.64181
9.41000 -0.33213 0.45965 0.10564 0.53611 0.64175
9.42000 -0.32737 0.49109 0.12058 0.52101 0.64159
9.43000 -0.32231 0.52189 0.13618 0.50515 0.64133
9.44000 -0.31694 0.55202 0.15236 0.48859 0.64096
9.45000 -0.31127 0.58146 0.16905 0.47141 0.64046
9.46000 -0.30531 0.61018 0.18616 0.45368 0.63984
9.47000 -0.29907 0.63815 0.20362 0.43545 0.63907
9.48000 -0.29255 0.66535 0.22135 0.41681 0.63816
9.49000 -0.28576 0.69174 0.23925 0.39783 0.63708
9.50000 -0.27872 0.71731 0.25727 0.37858 0.63585
9.51000 -0.27142 0.74203 0.27530 0.35913 0.63444
9.52000 -0.26388 0.76587 0.29328 0.33957 0.63285
9.53000 -0.25611 0.78882 0.31112 0.31997 0.63108
9.54000 -0.24811 0.81084 0.32873 0.30039 0.62913
9.55000 -0.23989 0.83193 0.34605 0.28092 0.62698
9.56000 -0.23147 0.85206 0.36300 0.26163 0.62463
9.57000 -0.22285 0.87120 0.37950 0.24260 0.62209
9.58000 -0.21405 0.88935 0.39547 0.22388 0.61935
9.59000 -0.20507 0.90648 0.41085 0.20555 0.61640
9.60000 -0.19592 0.92258 0.42557 0.18768 0.61326
9.61000 -0.18662 0.93763 0.43957 0.17034 0.60991
9.62000 -0.17718 0.95161 0.45279 0.15357 0.60636
9.63000 -0.16759 0.96453 0.46516 0.13745 0.60260
9.64000 -0.15789 0.97635 0.47663 0.12202 0.59865
9.65000 -0.14807 0.98707 0.48716 0.10735 0.59450
9.66000 -0.13815 0.99669 0.49669 0.09347 0.59016
9.67000 -0.12814 1.00519 0.50520 0.08043 0.58563
9.68000 -0.11805 1.01256 0.51264 0.06828 0.58091
9.69000 -0.10789 1.01880 0.51897 0.05704 0.57602
9.70000 -0.09768 1.02390 0.52418 0.04676 0.57095
9.71000 -0.08742 1.02786 0.52825 0.03746 0.56571
9.72000 -0.07713 1.03067 0.53114 0.02916 0.56031
9.73000 -0.06681 1.03234 0.53287 0.02189 0.55475
9.74000 -0.05648 1.03287 0.53341 0.01564 0.54905
9.75000 -0.04616 1.03225 0.53276 0.01045 0.54321
9.76000 -0.03584 1.03048 0.53095 0.00630 0.53725
9.77000 -0.02555 1.02758 0.52796 0.00320 0.53116
9.78000 -0.01529 1.02354 0.52382 0.00115 0.52496
9.79000 -0.00508 1.01837 0.51854 0.00013 0.51867
9.80000 0.00507 1.01209 0.51216 0.00013 0.51229
9.81000 0.01515 1.00469 0.50470 0.00113 0.50582
9.82000 0.02516 0.99618 0.49619 0.00310 0.49930
9.83000 0.03507 0.98659 0.48668 0.00603 0.49271
9.84000 0.04489 0.97591 0.47620 0.00988 0.48608
9.85000 0.05459 0.96417 0.46481 0.01461 0.47942
9.86000 0.06417 0.95137 0.45256 0.02019 0.47275
9.87000 0.07361 0.93754 0.43949 0.02657 0.46606
9.88000 0.08292 0.92269 0.42568 0.03370 0.45938
9.89000 0.09206 0.90683 0.41117 0.04154 0.45272
9.90000 0.10105 0.88999 0.39604 0.05004 0.44609
9.91000 0.10986 0.87219 0.38036 0.05914 0.43950
9.92000 0.11849 0.85344 0.36418 0.06878 0.43296
9.93000 0.12693 0.83377 0.34758 0.07891 0.42650
9.94000 0.13516 0.81320 0.33064 0.08947 0.42012
9.95000 0.14319 0.79175 0.31343 0.10039 0.41383
9.96000 0.15099 0.76945 0.29602 0.11162 0.40764
9.97000 0.15857 0.74632 0.27850 0.12308 0.40158
9.98000 0.16592 0.72239 0.26092 0.13472 0.39564
9.99000 0.17302 0.69768 0.24338 0.14647 0.38985
10.00000 0.17987 0.67223 0.22595 0.15826 0.38421
10.01000 0.18646 0.64605 0.20869 0.17004 0.37873
10.02000 0.19279 0.61919 0.19170 0.18174 0.37344
10.03000 0.19884 0.59166 0.17503 0.19330 0.36833
10.04000 0.20462 0.56349 0.15876 0.20465 0.36341
10.05000 0.21011 0.53473 0.14297 0.21574 0.35871
10.06000 0.21531 0.50539 0.12771 0.22651 0.35422
10.07000 0.22022 0.47551 0.11305 0.23691 0.34996
10.08000 0.22482 0.44512 0.09906 0.24688 0.34594
10.09000 0.22912 0.41425 0.08580 0.25636 0.34216
10.10000 0.23310 0.38293 0.07332 0.26532 0.33864
10.11000 0.23677 0.35120 0.06167 0.27370 0.33537
10.12000 0.24013 0.31909 0.05091 0.28147 0.33238
10.13000 0.24315 0.28664 0.04108 0.28858 0.32966
10.14000 0.24586 0.25387 0.03222 0.29500 0.32722
10.15000 0.24823 0.22082 0.02438 0.30069 0.32507
10.16000 0.25027 0.18752 0.01758 0.30563 0.32321
10.17000 0.25198 0.15401 0.01186 0.30980 0.32166
10.18000 0.25335 0.12032 0.00724 0.31316 0.32040
10.19000 0.25439 0.08649 0.00374 0.31571 0.31945
10.20000 0.25508 0.05255 0.00138 0.31743 0.31881
10.21000 0.25544 0.01853 0.00017 0.31831 0.31848
10.22000 0.25545 -0.01552 0.00012 0.31834 0.31847
10.23000 0.25513 -0.04959 0.00123 0.31754 0.31877
10.24000 0.25446 -0.08362 0.00350 0.31589 0.31939
10.25000 0.25346 -0.11760 0.00691 0.31341 0.32033
10.26000 0.25211 -0.15148 0.01147 0.31011 0.32158
10.27000 0.25043 -0.18522 0.01715 0.30600 0.32316
10.28000 0.24841 -0.21881 0.02394 0.30111 0.32505
10.29000 0.24605 -0.25219 0.03180 0.29546 0.32726
10.30000 0.24336 -0.28534 0.04071 0.28907 0.32978
10.31000 0.24034 -0.31822 0.05063 0.28198 0.33261
10.32000 0.23700 -0.35081 0.06153 0.27422 0.33575
10.33000 0.23333 -0.38306 0.07337 0.26583 0.33920
10.34000 0.22934 -0.41494 0.08609 0.25686 0.34295
10.35000 0.22503 -0.44643 0.09965 0.24734 0.34699
10.36000 0.22041 -0.47749 0.11400 0.23733 0.35133
10.37000 0.21548 -0.50808 0.12907 0.22688 0.35595
10.38000 0.21025 -0.53818 0.14482 0.21603 0.36085
10.39000 0.20472 -0.56775 0.16117 0.20486 0.36603
10.40000 0.19890 -0.59677 0.17807 0.19341 0.37147
10.41000 0.19279 -0.62520 0.19544 0.18174 0.37718
10.42000 0.18640 -0.65301 0.21321 0.16993 0.38314
10.43000 0.17973 -0.68018 0.23132 0.15802 0.38934
10.44000 0.17280 -0.70668 0.24970 0.14609 0.39579
10.45000 0.16560 -0.73247 0.26826 0.13420 0.40246
10.46000 0.15815 -0.75753 0.28693 0.12242 0.40935
10.47000 0.15045 -0.78184 0.30564 0.11082 0.41646
10.48000 0.14251 -0.80537 0.32431 0.09945 0.42376
10.49000 0.13435 -0.82809 0.34286 0.08840 0.43126
10.50000 0.12596 -0.84998 0.36123 0.07771 0.43894
10.51000 0.11735 -0.87101 0.37933 0.06747 0.44680
10.52000 0.10854 -0.89117 0.39709 0.05773 0.45481
10.53000 0.09953 -0.91042 0.41443 0.04855 0.46298
10.54000 0.09033 -0.92876 0.43130 0.04000 0.47129
10.55000 0.08096 -0.94615 0.44760 0.03213 0.47973
10.56000 0.07141 -0.96259 0.46329 0.02500 0.48829
10.57000 0.06171 -0.97805 0.47829 0.01867 0.49696
10.58000 0.05186 -0.99251 0.49254 0.01319 0.50573
10.59000 0.04186 -1.00596 0.50598 0.00859 0.51458
10.60000 0.03174 -1.01839 0.51856 0.00494 0.52350
10.61000 0.02150 -1.02978 0.53023 0.00227 0.53249
10.62000 0.01115 -1.04012 0.54092 0.00061 0.54153
10.63000 0.00070 -1.04939 0.55061 0.00000 0.55062
10.64000 -0.00984 -1.05760 0.55925 0.00047 0.55973
10.65000 -0.02045 -1.06471 0.56681 0.00205 0.56886
10.66000 -0.03113 -1.07074 0.57325 0.00475 0.57800
10.67000 -0.04186 -1.07567 0.57854 0.00859 0.58713
10.68000 -0.05264 -1.07950 0.58266 0.01359 0.59625
10.69000 -0.06345 -1.08223 0.58561 0.01974 0.60534
10.70000 -0.07428 -1.08384 0.58735 0.02705 0.61440
10.71000 -0.08512 -1.08434 0.58790 0.03552 0.62341
10.72000 -0.09596 -1.08373 0.58723 0.04513 0.63237
10.73000 -0.10679 -1.08201 0.58537 0.05588 0.64125
10.74000 -0.11760 -1.07917 0.58231 0.06775 0.65006
10.75000 -0.12837 -1.07523 0.57806 0.08072 0.65878
10.76000 -0.13910 -1.07019 0.57266 0.09475 0.66741
10.77000 -0.14977 -1.06405 0.56611 0.10982 0.67593
10.78000 -0.16038 -1.05683 0.55844 0.12589 0.68433
10.79000 -0.17090 -1.04852 0.54969 0.14292 0.69261
10.80000 -0.18134 -1.03913 0.53990 0.16086 0.70076
10.81000 -0.19168 -1.02868 0.52909 0.17967 0.70876
10.82000 -0.20191 -1.01718 0.51733 0.19929 0.71662
10.83000 -0.21202 -1.00464 0.50465 0.21967 0.72433
10.84000 -0.22200 -0.99108 0.49112 0.24075 0.73187
10.85000 -0.23184 -0.97649 0.47677 0.26247 0.73924
10.86000 -0.24153 -0.96092 0.46168 0.28475 0.74643
10.87000 -0.25106 -0.94436 0.44590 0.30754 0.75344
10.88000 -0.26041 -0.92683 0.42951 0.33076 0.76027
10.89000 -0.26959 -0.90836 0.41256 0.35433 0.76689
10.90000 -0.27858 -0.88896 0.39513 0.37820 0.77332
10.91000 -0.28737 -0.86866 0.37728 0.40227 0.77955
10.92000 -0.29595 -0.84746 0.35909 0.42648 0.78557
10.93000 -0.30431 -0.82540 0.34064 0.45074 0.79138
10.94000 -0.31245 -0.80249 0.32200 0.47497 0.79697
10.95000 -0.32036 -0.77876 0.30323 0.49911 0.80234
10.96000 -0.32802 -0.75423 0.28443 0.52306 0.80750
10.97000 -0.33544 -0.72893 0.26567 0.54676 0.81243
10.98000 -0.34260 -0.70287 0.24701 0.57012 0.81713
10.99000 -0.34950 -0.67609 0.22855 0.59306 0.82161
11.00000 -0.35612 -0.64860 0.21034 0.61551 0.82586
11.01000 -0.36247 -0.62044 0.19247 0.63740 0.82988
11.02000 -0.36853 -0.59163 0.17502 0.65865 0.83367
11.03000 -0.37430 -0.56220 0.15804 0.67919 0.83723
11.04000 -0.37977 -0.53218 0.14161 0.69896 0.84057
11.05000 -0.38494 -0.50158 0.12579 0.71788 0.84367
11.06000 -0.38980 -0.47045 0.11066 0.73589 0.84655
11.07000 -0.39435 -0.43881 0.09628 0.75294 0.84921
11.08000 -0.39857 -0.40668 0.08269 0.76895 0.85165
11.09000 -0.40248 -0.37410 0.06998 0.78388 0.85386
11.10000 -0.40605 -0.34110 0.05817 0.79768 0.85586
11.11000 -0.40930 -0.30769 0.04734 0.81030 0.85764
11.12000 -0.41221 -0.27393 0.03752 0.82170 0.85921
11.13000 -0.41478 -0.23983 0.02876 0.83182 0.86058
11.14000 -0.41700 -0.20542 0.02110 0.84065 0.86174
11.15000 -0.41888 -0.17073 0.01457 0.84814 0.86271
11.16000 -0.42042 -0.13580 0.00922 0.85426 0.86348
11.17000 -0.42160 -0.10065 0.00507 0.85900 0.86407
11.18000 -0.42243 -0.06532 0.00213 0.86234 0.86447
11.19000 -0.42290 -0.02984 0.00045 0.86425 0.86470
11.20000 -0.42302 0.00577 0.00002 0.86474 0.86475
11.21000 -0.42279 0.04147 0.00086 0.86379 0.86465
11.22000 -0.42220 0.07723 0.00298 0.86140 0.86438
11.23000 -0.42124 0.11302 0.00639 0.85758 0.86397
11.24000 -0.41993 0.14882 0.01107 0.85234 0.86341
11.25000 -0.41827 0.18457 0.01703 0.84568 0.86272
11.26000 -0.41624 0.22027 0.02426 0.83763 0.86189
11.27000 -0.41386 0.25587 0.03274 0.82822 0.86095
11.28000 -0.41113 0.29135 0.04244 0.81745 0.85990
11.29000 -0.40804 0.32667 0.05336 0.80538 0.85874
11.30000 -0.40459 0.36180 0.06545 0.79204 0.85748
11.31000 -0.40080 0.39671 0.07869 0.77745 0.85614
11.32000 -0.39666 0.43137 0.09304 0.76168 0.85472
11.33000 -0.39217 0.46575 0.10846 0.74477 0.85323
11.34000 -0.38735 0.49982 0.12491 0.72678 0.85168
11.35000 -0.38218 0.53354 0.14233 0.70775 0.85008
11.36000 -0.37668 0.56689 0.16068 0.68776 0.84844
11.37000 -0.37084 0.59983 0.17990 0.66686 0.84676
11.38000 -0.36468 0.63234 0.19993 0.64513 0.84506
11.39000 -0.35820 0.66439 0.22071 0.62264 0.84334
11.40000 -0.35140 0.69594 0.24217 0.59946 0.84162
11.41000 -0.34428 0.72697 0.26424 0.57567 0.83990
11.42000 -0.33686 0.75744 0.28686 0.55134 0.83820
11.43000 -0.32913 0.78732 0.30994 0.52657 0.83651
11.44000 -0.32111 0.81660 0.33342 0.50144 0.83486
11.45000 -0.31280 0.84524 0.35721 0.47604 0.83325
11.46000 -0.30421 0.87321 0.38124 0.45044 0.83169
11.47000 -0.29534 0.90048 0.40543 0.42475 0.83018
11.48000 -0.28620 0.92703 0.42969 0.39905 0.82874
11.49000 -0.27680 0.95283 0.45394 0.37343 0.82737
11.50000 -0.26715 0.97786 0.47810 0.34799 0.82609
11.51000 -0.25725 1.00209 0.50209 0.32281 0.82490
11.52000 -0.24711 1.02549 0.52581 0.29800 0.82381
11.53000 -0.23674 1.04804 0.54920 0.27363 0.82283
11.54000 -0.22615 1.06973 0.57216 0.24980 0.82196
11.55000 -0.21535 1.09052 0.59461 0.22660 0.82121
11.56000 -0.20435 1.11039 0.61648 0.20411 0.82059
11.57000 -0.19315 1.12933 0.63769 0.18242 0.82010
11.58000 -0.18176 1.14731 0.65816 0.16160 0.81976
11.59000 -0.17020 1.16431 0.67781 0.14175 0.81956
11.60000 -0.15848 1.18033 0.69659 0.12293 0.81952
11.61000 -0.14660 1.19533 0.71441 0.10523 0.81963
11.62000 -0.13458 1.20931 0.73121 0.08870 0.81991
11.63000 -0.12242 1.22224 0.74694 0.07341 0.82035
11.64000 -0.11013 1.23413 0.76153 0.05944 0.82097
11.65000 -0.09774 1.24494 0.77494 0.04682 0.82176
11.66000 -0.08524 1.25468 0.78711 0.03562 0.82273
11.67000 -0.07265 1.26333 0.79800 0.02588 0.82387
11.68000 -0.05998 1.27088 0.80756 0.01764 0.82520
11.69000 -0.04723 1.27732 0.81577 0.01094 0.82672
11.70000 -0.03443 1.28265 0.82260 0.00582 0.82841
11.71000 -0.02159 1.28687 0.82801 0.00229 0.83030
11.72000 -0.00870 1.28996 0.83200 0.00037 0.83237
11.73000 0.00421 1.29193 0.83454 0.00009 0.83462
11.74000 0.01713 1.29277 0.83563 0.00144 0.83707
11.75000 0.03006 1.29248 0.83526 0.00443 0.83969
11.76000 0.04298 1.29107 0.83344 0.00906 0.84250
11.77000 0.05588 1.28854 0.83017 0.01531 0.84548
11.78000 0.06875 1.28489 0.82547 0.02317 0.84864
11.79000 0.08157 1.28012 0.81936 0.03262 0.85198
11.80000 0.09435 1.27425 0.81185 0.04363 0.85548
11.81000 0.10705 1.26727 0.80299 0.05616 0.85915
11.82000 0.11969 1.25920 0.79280 0.07018 0.86298
11.83000 0.13224 1.25005 0.78131 0.08564 0.86696
11.84000 0.14469 1.23983 0.76859 0.10250 0.87109
11.85000 0.15703 1.22855 0.75466 0.12070 0.87536
11.86000 0.16925 1.21622 0.73959 0.14018 0.87977
11.87000 0.18135 1.20285 0.72343 0.16087 0.88430
11.88000 0.19331 1.18848 0.70624 0.18272 0.88895
11.89000 0.20512 1.17310 0.68808 0.20564 0.89372
11.90000 0.21677 1.15673 0.66902 0.22957 0.89859
11.91000 0.22825 1.13940 0.64912 0.25443 0.90355
11.92000 0.23955 1.12113 0.62847 0.28013 0.90859
11.93000 0.25067 1.10193 0.60713 0.30659 0.91371
11.94000 0.26159 1.08183 0.58517 0.33373 0.91890
11.95000 0.27230 1.06084 0.56269 0.36145 0.92414
11.96000 0.28280 1.03899 0.53975 0.38967 0.92942
11.97000 0.29308 1.01630 0.51643 0.41830 0.93474
11.98000 0.30312 0.99280 0.49283 0.44725 0.94007
11.99000 0.31293 0.96851 0.46900 0.47642 0.94542
12.00000 0.32249 0.94345 0.44505 0.50572 0.95076
12.01000 0.33180 0.91765 0.42104 0.53505 0.95610
12.02000 0.34084 0.89114 0.39707 0.56433 0.96140
12.03000 0.34962 0.86395 0.37320 0.59347 0.96667
12.04000 0.35812 0.83609 0.34952 0.62236 0.97189
12.05000 0.36634 0.80760 0.32611 0.65094 0.97704
12.06000 0.37427 0.77850 0.30303 0.67909 0.98212
12.07000 0.38190 0.74882 0.28037 0.70675 0.98711
12.08000 0.38924 0.71860 0.25819 0.73382 0.99201
12.09000 0.39628 0.68785 0.23657 0.76022 0.99679
12.10000 0.40300 0.65661 0.21557 0.78588 1.00145
12.11000 0.40941 0.62490 0.19525 0.81072 1.00597
12.12000 0.41549 0.59276 0.17568 0.83467 1.01035
12.13000 0.42126 0.56021 0.15692 0.85764 1.01456
12.14000 0.42670 0.52729 0.13902 0.87959 1.01860
12.15000 0.43180 0.49401 0.12203 0.90044 1.02246
12.16000 0.43658 0.46042 0.10599 0.92013 1.02613
12.17000 0.44101 0.42654 0.09097 0.93862 1.02959
12.18000 0.44511 0.39240 0.07699 0.95584 1.03283
12.19000 0.44886 0.35802 0.06409 0.97175 1.03584
12.20000 0.45227 0.32345 0.05231 0.98631 1.03862
12.21000 0.45533 0.28870 0.04167 0.99947 1.04115
12.22000 0.45804 0.25381 0.03221 1.01121 1.04342
12.23000 0.46040 0.21881 0.02394 1.02148 1.04542
12.24000 0.46242 0.18372 0.01688 1.03027 1.04715
12.25000 0.46408 0.14857 0.01104 1.03756 1.04859
12.26000 0.46539 0.11340 0.00643 1.04331 1.04974
12.27000 0.46635 0.07823 0.00306 1.04754 1.05060
12.28000 0.46695 0.04309 0.00093 1.05021 1.05114
12.29000 0.46721 0.00802 0.00003 1.05134 1.05137
12.30000 0.46711 -0.02697 0.00036 1.05092 1.05129
12.31000 0.46667 -0.06185 0.00191 1.04896 1.05087
12.32000 0.46588 -0.09657 0.00466 1.04547 1.05013
12.33000 0.46474 -0.13113 0.00860 1.04046 1.04905
12.34000 0.46325 -0.16548 0.01369 1.03394 1.04764
12.35000 0.46143 -0.19960 0.01992 1.02596 1.04588
12.36000 0.45926 -0.23347 0.02725 1.01652 1.04377
12.37000 0.45676 -0.26705 0.03566 1.00566 1.04132
12.38000 0.45392 -0.30032 0.04510 0.99342 1.03852
12.39000 0.45075 -0.33325 0.05553 0.97984 1.03537
12.40000 0.44726 -0.36581 0.06691 0.96495 1.03186
12.41000 0.44344 -0.39799 0.07920 0.94881 1.02801
12.42000 0.43930 -0.42974 0.09234 0.93147 1.02380
12.43000 0.43485 -0.46104 0.10628 0.91297 1.01925
12.44000 0.43008 -0.49188 0.12097 0.89338 1.01435
12.45000 0.42501 -0.52221 0.13635 0.87275 1.00911
12.46000 0.41964 -0.55203 0.15237 0.85115 1.00352
12.47000 0.41397 -0.58129 0.16895 0.82865 0.99760
12.48000 0.40802 -0.60999 0.18604 0.80530 0.99134
12.49000 0.40177 -0.63808 0.20357 0.78118 0.98476
12.50000 0.39526 -0.66556 0.22148 0.75637 0.97785
12.51000 0.38847 -0.69239 0.23970 0.73093 0.97063
12.52000 0.38141 -0.71855 0.25816 0.70494 0.96310
12.53000 0.37410 -0.74402 0.27679 0.67848 0.95526
12.54000 0.36653 -0.76878 0.29551 0.65162 0.94713
12.55000 0.35872 -0.79281 0.31427 0.62445 0.93872
12.56000 0.35068 -0.81608 0.33299 0.59704 0.93003
12.57000 0.34240 -0.83857 0.35160 0.56947 0.92107
12.58000 0.33391 -0.86027 0.37003 0.54182 0.91186
12.59000 0.32520 -0.88115 0.38821 0.51418 0.90239
12.60000 0.31629 -0.90120 0.40608 0.48661 0.89269
12.61000 0.30718 -0.92040 0.42356 0.45921 0.88277
12.62000 0.29788 -0.93872 0.44060 0.43204 0.87264
12.63000 0.28841 -0.95616 0.45712 0.40518 0.86230
12.64000 0.27876 -0.97270 0.47307 0.37870 0.85177
12.65000 0.26896 -0.98832 0.48839 0.35269 0.84108
12.66000 0.25900 -1.00301 0.50302 0.32720 0.83021
12.67000 0.24890 -1.01676 0.51690 0.30231 0.81921
12.68000 0.23867 -1.02955 0.52998 0.27808 0.80806
12.69000 0.22831 -1.04137 0.54222 0.25457 0.79680
12.70000 0.21784 -1.05221 0.55357 0.23185 0.78543
12.71000 0.20727 -1.06206 0.56399 0.20997 0.77397
12.72000 0.19661 -1.07092 0.57344 0.18899 0.76243
12.73000 0.18586 -1.07878 0.58188 0.16895 0.75082
12.74000 0.17503 -1.08562 0.58928 0.14989 0.73917
12.75000 0.16415 -1.09144 0.59562 0.13187 0.72749
12.76000 0.15321 -1.09625 0.60088 0.11491 0.71579
12.77000 0.14223 -1.10003 0.60503 0.09905 0.70409
12.78000 0.13121 -1.10278 0.60807 0.08433 0.69239
12.79000 0.12017 -1.10451 0.60997 0.07075 0.68073
12.80000 0.10913 -1.10521 0.61075 0.05835 0.66910
12.81000 0.09807 -1.10489 0.61039 0.04714 0.65753
12.82000 0.08703 -1.10354 0.60890 0.03713 0.64602
12.83000 0.07601 -1.10116 0.60628 0.02832 0.63460
12.84000 0.06501 -1.09778 0.60256 0.02072 0.62328
12.85000 0.05405 -1.09338 0.59774 0.01433 0.61207
12.86000 0.04315 -1.08798 0.59185 0.00913 0.60097
12.87000 0.03230 -1.08158 0.58490 0.00512 0.59002
12.88000 0.02152 -1.07419 0.57694 0.00227 0.57921
12.89000 0.01082 -1.06583 0.56799 0.00057 0.56857
12.90000 0.00021 -1.05649 0.55809 0.00000 0.55809
12.91000 -0.01031 -1.04621 0.54728 0.00052 0.54780
12.92000 -0.02072 -1.03498 0.53559 0.00210 0.53770
12.93000 -0.03101 -1.02283 0.52309 0.00472 0.52780
12.94000 -0.04117 -1.00976 0.50981 0.00831 0.51812
12.95000 -0.05120 -0.99580 0.49581 0.01285 0.50866
12.96000 -0.06108 -0.98096 0.48114 0.01830 0.49943
12.97000 -0.07081 -0.96525 0.46586 0.02459 0.49044
12.98000 -0.08038 -0.94871 0.45002 0.03168 0.48170
12.99000 -0.08979 -0.93133 0.43369 0.03951 0.47321
13.00000 -0.09901 -0.91316 0.41693 0.04804 0.46497
13.01000 -0.10805 -0.89421 0.39980 0.05721 0.45701
13.02000 -0.11689 -0.87449 0.38237 0.06694 0.44931
13.03000 -0.12553 -0.85404 0.36469 0.07719 0.44188
13.04000 -0.13397 -0.83287 0.34684 0.08790 0.43474
13.05000 -0.14219 -0.81101 0.32887 0.09900 0.42787
13.06000 -0.15019 -0.78849 0.31086 0.11043 0.42129
13.07000 -0.15796 -0.76532 0.29286 0.12213 0.41499
13.08000 -0.16549 -0.74154 0.27494 0.13403 0.40897
13.09000 -0.17279 -0.71718 0.25717 0.14607 0.40324
13.10000 -0.17983 -0.69225 0.23960 0.15820 0.39780
13.11000 -0.18663 -0.66678 0.22230 0.17035 0.39264
13.12000 -0.19317 -0.64081 0.20532 0.18245 0.38777
13.13000 -0.19944 -0.61435 0.18871 0.19446 0.38318
13.14000 -0.20545 -0.58745 0.17255 0.20632 0.37886
13.15000 -0.21119 -0.56012 0.15687 0.21796 0.37482
13.16000 -0.21665 -0.53239 0.14172 0.22933 0.37106
13.17000 -0.22184 -0.50431 0.12716 0.24039 0.36756
13.18000 -0.22674 -0.47588 0.11323 0.25109 0.36432
13.19000 -0.23135 -0.44715 0.09997 0.26137 0.36134
13.20000 -0.23568 -0.41814 0.08742 0.27119 0.35861
13.21000 -0.23972 -0.38888 0.07561 0.28051 0.35613
13.22000 -0.24346 -0.35941 0.06459 0.28929 0.35388
13.23000 -0.24690 -0.32974 0.05437 0.29750 0.35186
13.24000 -0.25005 -0.29992 0.04498 0.30509 0.35007
13.25000 -0.25290 -0.26997 0.03644 0.31205 0.34849
13.26000 -0.25545 -0.23993 0.02878 0.31834 0.34712
13.27000 -0.25770 -0.20981 0.02201 0.32394 0.34595
13.28000 -0.25965 -0.17966 0.01614 0.32882 0.34496
13.29000 -0.26129 -0.14950 0.01117 0.33298 0.34416
13.30000 -0.26264 -0.11935 0.00712 0.33640 0.34352
13.31000 -0.26368 -0.08926 0.00398 0.33906 0.34304
13.32000 -0.26442 -0.05925 0.00176 0.34096 0.34272
13.33000 -0.26487 -0.02935 0.00043 0.34210 0.34253
13.34000 -0.26501 0.00041 0.00000 0.34247 0.34247
13.35000 -0.26486 0.03000 0.00045 0.34208 0.34253
13.36000 -0.26441 0.05940 0.00176 0.34093 0.34269
13.37000 -0.26367 0.08858 0.00392 0.33903 0.34296
13.38000 -0.26264 0.11750 0.00690 0.33640 0.34331
13.39000 -0.26132 0.14614 0.01068 0.33306 0.34373
13.40000 -0.25972 0.17447 0.01522 0.32900 0.34422
13.41000 -0.25783 0.20246 0.02050 0.32427 0.34477
13.42000 -0.25567 0.23009 0.02647 0.31888 0.34535
13.43000 -0.25323 0.25734 0.03311 0.31286 0.34598
13.44000 -0.25052 0.28416 0.04037 0.30624 0.34662
13.45000 -0.24755 0.31055 0.04822 0.29905 0.34727
13.46000 -0.24432 0.33647 0.05660 0.29133 0.34793
13.47000 -0.24082 0.36189 0.06548 0.28310 0.34858
13.48000 -0.23708 0.38680 0.07481 0.27440 0.34921
13.49000 -0.23309 0.41117 0.08453 0.26529 0.34982
13.50000 -0.22886 0.43498 0.09460 0.25578 0.35039
13.51000 -0.22439 0.45820 0.10497 0.24594 0.35091
13.52000 -0.21970 0.48080 0.11559 0.23580 0.35138
13.53000 -0.21478 0.50278 0.12640 0.22540 0.35179
13.54000 -0.20964 0.52411 0.13735 0.21479 0.35213
13.55000 -0.20430 0.54476 0.14838 0.20401 0.35239
13.56000 -0.19875 0.56472 0.15946 0.19312 0.35257
13.57000 -0.19301 0.58397 0.17051 0.18215 0.35266
13.58000 -0.18707 0.60249 0.18150 0.17116 0.35265
13.59000 -0.18096 0.62026 0.19236 0.16018 0.35254
13.60000 -0.17467 0.63726 0.20305 0.14927 0.35232
13.61000 -0.16822 0.65348 0.21352 0.13847 0.35198
13.62000 -0.16160 0.66890 0.22371 0.12782 0.35153
13.63000 -0.15484 0.68351 0.23359 0.11736 0.35096
13.64000 -0.14794 0.69730 0.24311 0.10715 0.35026
13.65000 -0.14090 0.71024 0.25222 0.09721 0.34943
13.66000 -0.13373 0.72233 0.26088 0.08759 0.34847
13.67000 -0.12645 0.73356 0.26906 0.07833 0.34738
13.68000 -0.11907 0.74391 0.27670 0.06945 0.34616
13.69000 -0.11158 0.75338 0.28379 0.06100 0.34480
13.70000 -0.10400 0.76196 0.29029 0.05301 0.34330
13.71000 -0.09634 0.76964 0.29617 0.04549 0.34167
13.72000 -0.08861 0.77641 0.30141 0.03849 0.33990
13.73000 -0.08082 0.78227 0.30597 0.03202 0.33799
13.74000 -0.07297 0.78721 0.30985 0.02610 0.33595
13.75000 -0.06508 0.79123 0.31302 0.02076 0.33378
13.76000 -0.05715 0.79432 0.31547 0.01601 0.33149
13.77000 -0.04919 0.79649 0.31720 0.01187 0.32906
13.78000 -0.04122 0.79772 0.31818 0.00833 0.32652
13.79000 -0.03324 0.79804 0.31843 0.00542 0.32385
13.80000 -0.02526 0.79742 0.31794 0.00313 0.32107
13.81000 -0.01730 0.79588 0.31671 0.00147 0.31818
13.82000 -0.00935 0.79341 0.31475 0.00043 0.31518
13.83000 -0.00143 0.79003 0.31207 0.00001 0.31208
13.84000 0.00645 0.78574 0.30869 0.00020 0.30889
13.85000 0.01428 0.78053 0.30462 0.00100 0.30562
13.86000 0.02206 0.77443 0.29987 0.00239 0.30226
13.87000 0.02977 0.76743 0.29448 0.00435 0.29882
13.88000 0.03740 0.75955 0.28846 0.00686 0.29532
13.89000 0.04496 0.75080 0.28185 0.00991 0.29176
13.90000 0.05242 0.74118 0.27468 0.01347 0.28815
13.91000 0.05978 0.73071 0.26697 0.01752 0.28449
13.92000 0.06703 0.71940 0.25877 0.02203 0.28080
13.93000 0.07416 0.70726 0.25011 0.02696 0.27708
13.94000 0.08117 0.69431 0.24104 0.03230 0.27333
13.95000 0.08804 0.68057 0.23158 0.03800 0.26958
13.96000 0.09478 0.66604 0.22180 0.04403 0.26583
13.97000 0.10136 0.65074 0.21173 0.05035 0.26208
13.98000 0.10779 0.63470 0.20142 0.05694 0.25835
13.99000 0.11405 0.61792 0.19091 0.06374 0.25465
14.00000 0.12015 0.60043 0.18026 0.07072 0.25098
14.01000 0.12606 0.58226 0.16951 0.07784 0.24736
14.02000 0.13179 0.56341 0.15871 0.08507 0.24378
14.03000 0.13733 0.54390 0.14791 0.09236 0.24027
14.04000 0.14267 0.52377 0.13717 0.09966 0.23683
14.05000 0.14780 0.50303 0.12652 0.10695 0.23347
14.06000 0.15272 0.48170 0.11602 0.11419 0.23020
14.07000 0.15743 0.45981 0.10571 0.12132 0.22703
14.08000 0.16192 0.43738 0.09565 0.12832 0.22397
14.09000 0.16618 0.41443 0.08588 0.13514 0.22102
14.10000 0.17021 0.39100 0.07644 0.14176 0.21819
14.11000 0.17400 0.36710 0.06738 0.14812 0.21550
14.12000 0.17755 0.34275 0.05874 0.15421 0.21295
14.13000 0.18085 0.31799 0.05056 0.15999 0.21055
14.14000 0.18390 0.29285 0.04288 0.16542 0.20830
14.15000 0.18671 0.26734 0.03573 0.17049 0.20622
14.16000 0.18925 0.24149 0.02916 0.17515 0.20431
14.17000 0.19153 0.21533 0.02318 0.17939 0.20258
14.18000 0.19356 0.18890 0.01784 0.18319 0.20103
14.19000 0.19531 0.16220 0.01316 0.18652 0.19967
14.20000 0.19680 0.13529 0.00915 0.18936 0.19851
14.21000 0.19802 0.10817 0.00585 0.19170 0.19755
14.22000 0.19896 0.08088 0.00327 0.19353 0.19680
14.23000 0.19963 0.05345 0.00143 0.19483 0.19626
14.24000 0.20003 0.02591 0.00034 0.19561 0.19594
14.25000 0.20015 -0.00172 0.00000 0.19584 0.19584
14.26000 0.20000 -0.02941 0.00043 0.19554 0.19597
14.27000 0.19956 -0.05713 0.00163 0.19470 0.19633
14.28000 0.19885 -0.08484 0.00360 0.19332 0.19692
14.29000 0.19787 -0.11253 0.00633 0.19141 0.19774
14.30000 0.19660 -0.14016 0.00982 0.18898 0.19881
14.31000 0.19506 -0.16771 0.01406 0.18604 0.20011
14.32000 0.19325 -0.19514 0.01904 0.18261 0.20165
14.33000 0.19116 -0.22243 0.02474 0.17870 0.20344
14.34000 0.18880 -0.24955 0.03114 0.17432 0.20546
14.35000 0.18617 -0.27648 0.03822 0.16952 0.20774
14.36000 0.18327 -0.30317 0.04596 0.16429 0.21025
14.37000 0.18011 -0.32962 0.05432 0.15868 0.21301
14.38000 0.17668 -0.35578 0.06329 0.15272 0.21601
14.39000 0.17299 -0.38163 0.07282 0.14643 0.21925
14.40000 0.16905 -0.40715 0.08289 0.13984 0.22273
14.41000 0.16485 -0.43231 0.09345 0.13300 0.22644
14.42000 0.16040 -0.45708 0.10446 0.12593 0.23039
14.43000 0.15571 -0.48143 0.11589 0.11869 0.23458
14.44000 0.15078 -0.50535 0.12769 0.11130 0.23899
14.45000 0.14561 -0.52880 0.13981 0.10381 0.24362
14.46000 0.14020 -0.55176 0.15222 0.09626 0.24848
14.47000 0.13457 -0.57420 0.16486 0.08870 0.25355
14.48000 0.12872 -0.59611 0.17768 0.08116 0.25883
14.49000 0.12265 -0.61746 0.19063 0.07370 0.26432
14.50000 0.11637 -0.63822 0.20366 0.06635 0.27002
14.51000 0.10989 -0.65838 0.21673 0.05917 0.27590
14.52000 0.10321 -0.67791 0.22978 0.05220 0.28198
14.53000 0.09633 -0.69678 0.24275 0.04548 0.28824
14.54000 0.08927 -0.71499 0.25561 0.03907 0.29467
14.55000 0.08204 -0.73251 0.26829 0.03299 0.30128
14.56000 0.07463 -0.74932 0.28074 0.02730 0.30805
14.57000 0.06705 -0.76541 0.29293 0.02204 0.31497
14.58000 0.05932 -0.78075 0.30478 0.01726 0.32204
14.59000 0.05144 -0.79533 0.31627 0.01298 0.32925
14.60000 0.04342 -0.80913 0.32734 0.00924 0.33659
14.61000 0.03526 -0.82214 0.33795 0.00610 0.34405
14.62000 0.02698 -0.83434 0.34806 0.00357 0.35163
14.63000 0.01858 -0.84572 0.35762 0.00169 0.35931
14.64000 0.01007 -0.85627 0.36660 0.00050 0.36709
14.65000 0.00145 -0.86597 0.37495 0.00001 0.37496
14.66000 -0.00725 -0.87481 0.38265 0.00026 0.38291
14.67000 -0.01604 -0.88279 0.38966 0.00126 0.39092
14.68000 -0.02490 -0.88990 0.39596 0.00304 0.39900
14.69000 -0.03383 -0.89612 0.40151 0.00561 0.40713
14.70000 -0.04282 -0.90145 0.40630 0.00899 0.41530
14.71000 -0.05186 -0.90588 0.41031 0.01319 0.42350
14.72000 -0.06094 -0.90941 0.41351 0.01821 0.43172
14.73000 -0.07005 -0.91203 0.41590 0.02406 0.43995
14.74000 -0.07918 -0.91374 0.41746 0.03073 0.44819
14.75000 -0.08832 -0.91454 0.41819 0.03823 0.45643
14.76000 -0.09746 -0.91443 0.41809 0.04656 0.46465
14.77000 -0.10660 -0.91340 0.41715 0.05569 0.47284
14.78000 -0.11573 -0.91146 0.41538 0.06562 0.48100
14.79000 -0.12483 -0.90860 0.41278 0.07633 0.48911
14.80000 -0.13390 -0.90484 0.40937 0.08781 0.49717
14.81000 -0.14292 -0.90017 0.40515 0.10002 0.50518
14.82000 -0.15190 -0.89460 0.40015 0.11295 0.51311
14.83000 -0.16081 -0.88813 0.39438 0.12657 0.52096
14.84000 -0.16966 -0.88077 0.38787 0.14084 0.52872
14.85000 -0.17842 -0.87252 0.38065 0.15574 0.53638
14.86000 -0.18710 -0.86340 0.37273 0.17121 0.54395
14.87000 -0.19569 -0.85341 0.36416 0.18723 0.55139
14.88000 -0.20417 -0.84257 0.35496 0.20376 0.55872
14.89000 -0.21254 -0.83088 0.34518 0.22074 0.56592
14.90000 -0.22078 -0.81836 0.33485 0.23813 0.57298
14.91000 -0.22890 -0.80501 0.32402 0.25588 0.57990
14.92000 -0.23688 -0.79085 0.31272 0.27395 0.58667
14.93000 -0.24472 -0.77589 0.30101 0.29228 0.59329
14.94000 -0.25240 -0.76016 0.28892 0.31082 0.59974
14.95000 -0.25992 -0.74365 0.27651 0.32951 0.60602
14.96000 -0.26727 -0.72640 0.26383 0.34829 0.61212
14.97000 -0.27444 -0.70841 0.25092 0.36713 0.61805
14.98000 -0.28143 -0.68970 0.23785 0.38594 0.62379
14.99000 -0.28823 -0.67030 0.22465 0.40469 0.62934
