# t theta omega E_kin E_pot E_tot
0.00000 0.78540 0.10000 0.00500 2.87328 2.87828
0.01000 0.78610 0.04053 0.00082 2.87816 2.87898
0.02000 0.78621 -0.01895 0.00018 2.87891 2.87909
0.03000 0.78572 -0.07842 0.00308 2.87553 2.87860
0.04000 0.78464 -0.13789 0.00951 2.86803 2.87753
0.05000 0.78296 -0.19735 0.01947 2.85642 2.87589
0.06000 0.78069 -0.25678 0.03297 2.84072 2.87369
0.07000 0.77783 -0.31619 0.04999 2.82097 2.87096
0.08000 0.77437 -0.37557 0.07052 2.79720 2.86773
0.09000 0.77032 -0.43489 0.09457 2.76946 2.86403
0.10000 0.76567 -0.49416 0.12210 2.73781 2.85991
0.11000 0.76043 -0.55337 0.15311 2.70229 2.85540
0.12000 0.75461 -0.61248 0.18757 2.66300 2.85057
0.13000 0.74819 -0.67150 0.22545 2.62001 2.84546
0.14000 0.74118 -0.73039 0.26673 2.57340 2.84014
0.15000 0.73358 -0.78914 0.31137 2.52329 2.83466
0.16000 0.72539 -0.84773 0.35933 2.46978 2.82910
0.17000 0.71662 -0.90613 0.41054 2.41299 2.82353
0.18000 0.70727 -0.96432 0.46495 2.35305 2.81800
0.19000 0.69734 -1.02225 0.52250 2.29010 2.81260
0.20000 0.68683 -1.07990 0.58310 2.22430 2.80740
0.21000 0.67574 -1.13724 0.64666 2.15581 2.80247
0.22000 0.66408 -1.19422 0.71308 2.08480 2.79788
0.23000 0.65186 -1.25080 0.78225 2.01146 2.79371
0.24000 0.63907 -1.30694 0.85404 1.93599 2.79003
0.25000 0.62572 -1.36258 0.92832 1.85859 2.78691
0.26000 0.61182 -1.41769 1.00492 1.77949 2.78441
0.27000 0.59737 -1.47220 1.08369 1.69891 2.78260
0.28000 0.58238 -1.52607 1.16444 1.61711 2.78154
0.29000 0.56685 -1.57922 1.24697 1.53432 2.78129
0.30000 0.55080 -1.63161 1.33108 1.45082 2.78189
0.31000 0.53422 -1.68317 1.41652 1.36687 2.78339
0.32000 0.51714 -1.73382 1.50307 1.28276 2.78584
0.33000 0.49955 -1.78352 1.59047 1.19879 2.78926
0.34000 0.48147 -1.83218 1.67844 1.11524 2.79368
0.35000 0.46291 -1.87973 1.76669 1.03243 2.79912
0.36000 0.44388 -1.92610 1.85494 0.95065 2.80559
0.37000 0.42439 -1.97122 1.94286 0.87024 2.81310
0.38000 0.40446 -2.01501 2.03014 0.79151 2.82165
0.39000 0.38409 -2.05740 2.11645 0.71477 2.83122
0.40000 0.36331 -2.09831 2.20144 0.64036 2.84180
0.41000 0.34213 -2.13765 2.28478 0.56858 2.85335
0.42000 0.32057 -2.17536 2.36610 0.49975 2.86585
0.43000 0.29863 -2.21136 2.44505 0.43419 2.87924
0.44000 0.27635 -2.24557 2.52128 0.37220 2.89348
0.45000 0.25373 -2.27791 2.59444 0.31408 2.90852
0.46000 0.23079 -2.30832 2.66416 0.26011 2.92427
0.47000 0.20757 -2.33671 2.73011 0.21057 2.94068
0.48000 0.18407 -2.36303 2.79195 0.16572 2.95766
0.49000 0.16031 -2.38719 2.84934 0.12579 2.97514
0.50000 0.13633 -2.40914 2.90199 0.09102 2.99301
0.51000 0.11214 -2.42882 2.94958 0.06162 3.01120
0.52000 0.08776 -2.44616 2.99184 0.03775 3.02960
0.53000 0.06322 -2.46110 3.02851 0.01960 3.04811
0.54000 0.03855 -2.47360 3.05935 0.00729 3.06663
0.55000 0.01376 -2.48360 3.08414 0.00093 3.08507
0.56000 -0.01112 -2.49107 3.10271 0.00061 3.10331
0.57000 -0.03605 -2.49595 3.11489 0.00637 3.12126
0.58000 -0.06103 -2.49822 3.12056 0.01826 3.13882
0.59000 -0.08601 -2.49785 3.11962 0.03626 3.15588
0.60000 -0.11097 -2.49480 3.11201 0.06034 3.17235
0.61000 -0.13590 -2.48906 3.09770 0.09044 3.18815
0.62000 -0.16075 -2.48061 3.07670 0.12647 3.20317
0.63000 -0.18550 -2.46944 3.04906 0.16830 3.21735
0.64000 -0.21013 -2.45554 3.01484 0.21577 3.23061
0.65000 -0.23460 -2.43892 2.97416 0.26872 3.24289
0.66000 -0.25890 -2.41958 2.92717 0.32693 3.25411
0.67000 -0.28298 -2.39752 2.87406 0.39018 3.26423
0.68000 -0.30684 -2.37277 2.81502 0.45819 3.27321
0.69000 -0.33043 -2.34534 2.75032 0.53069 3.28101
0.70000 -0.35373 -2.31527 2.68023 0.60738 3.28761
0.71000 -0.37673 -2.28257 2.60505 0.68794 3.29299
0.72000 -0.39938 -2.24728 2.52513 0.77202 3.29714
0.73000 -0.42166 -2.20944 2.44082 0.85926 3.30008
0.74000 -0.44356 -2.16910 2.35250 0.94931 3.30181
0.75000 -0.46504 -2.12630 2.26058 1.04177 3.30235
0.76000 -0.48608 -2.08109 2.16547 1.13626 3.30174
0.77000 -0.50665 -2.03354 2.06763 1.23239 3.30002
0.78000 -0.52674 -1.98369 1.96750 1.32974 3.29724
0.79000 -0.54632 -1.93160 1.86555 1.42791 3.29345
0.80000 -0.56536 -1.87736 1.76224 1.52650 3.28873
0.81000 -0.58386 -1.82101 1.65805 1.62510 3.28315
0.82000 -0.60178 -1.76264 1.55346 1.72332 3.27677
0.83000 -0.61910 -1.70232 1.44895 1.82075 3.26969
0.84000 -0.63582 -1.64012 1.34500 1.91701 3.26200
0.85000 -0.65190 -1.57612 1.24208 2.01171 3.25379
0.86000 -0.66733 -1.51040 1.14066 2.10450 3.24515
0.87000 -0.68210 -1.44304 1.04119 2.19500 3.23619
0.88000 -0.69619 -1.37413 0.94412 2.28287 3.22699
0.89000 -0.70958 -1.30375 0.84988 2.36779 3.21767
0.90000 -0.72226 -1.23198 0.75889 2.44942 3.20831
0.91000 -0.73422 -1.15892 0.67154 2.52748 3.19903
0.92000 -0.74543 -1.08464 0.58822 2.60168 3.18990
0.93000 -0.75590 -1.00924 0.50929 2.67174 3.18103
0.94000 -0.76562 -0.93281 0.43507 2.73742 3.17249
0.95000 -0.77456 -0.85544 0.36589 2.79850 3.16438
0.96000 -0.78272 -0.77722 0.30203 2.85474 3.15677
0.97000 -0.79010 -0.69823 0.24376 2.90597 3.14973
0.98000 -0.79668 -0.61857 0.19132 2.95201 3.14333
0.99000 -0.80247 -0.53833 0.14490 2.99270 3.13761
1.00000 -0.80745 -0.45761 0.10470 3.02792 3.13262
1.01000 -0.81162 -0.37649 0.07087 3.05754 3.12841
1.02000 -0.81498 -0.29506 0.04353 3.08147 3.12500
1.03000 -0.81752 -0.21342 0.02277 3.09965 3.12242
1.04000 -0.81925 -0.13165 0.00867 3.11200 3.12067
1.05000 -0.82015 -0.04985 0.00124 3.11851 3.11975
1.06000 -0.82024 0.03189 0.00051 3.11915 3.11966
1.07000 -0.81952 0.11348 0.00644 3.11394 3.12038
1.08000 -0.81797 0.19483 0.01898 3.10289 3.12187
1.09000 -0.81562 0.27585 0.03805 3.08606 3.12411
1.10000 -0.81246 0.35646 0.06353 3.06351 3.12704
1.11000 -0.80849 0.43655 0.09529 3.03532 3.13061
1.12000 -0.80373 0.51605 0.13315 3.00160 3.13476
1.13000 -0.79817 0.59487 0.17693 2.96247 3.13940
1.14000 -0.79183 0.67291 0.22640 2.91808 3.14448
1.15000 -0.78472 0.75010 0.28132 2.86857 3.14990
1.16000 -0.77684 0.82634 0.34142 2.81414 3.15556
1.17000 -0.76820 0.90155 0.40639 2.75499 3.16138
1.18000 -0.75881 0.97564 0.47594 2.69131 3.16726
1.19000 -0.74869 1.04855 0.54972 2.62336 3.17308
1.20000 -0.73784 1.12017 0.62739 2.55137 3.17875
1.21000 -0.72629 1.19043 0.70856 2.47561 3.18417
1.22000 -0.71404 1.25925 0.79285 2.39635 3.18921
1.23000 -0.70111 1.32655 0.87987 2.31391 3.19378
1.24000 -0.68751 1.39226 0.96920 2.22857 3.19776
1.25000 -0.67327 1.45630 1.06040 2.14066 3.20107
1.26000 -0.65839 1.51860 1.15307 2.05052 3.20359
1.27000 -0.64290 1.57908 1.24675 1.95848 3.20522
1.28000 -0.62682 1.63768 1.34100 1.86490 3.20589
1.29000 -0.61016 1.69433 1.43538 1.77013 3.20550
1.30000 -0.59294 1.74897 1.52944 1.67454 3.20398
1.31000 -0.57518 1.80153 1.62275 1.57850 3.20125
1.32000 -0.55691 1.85195 1.71487 1.48239 3.19725
1.33000 -0.53815 1.90019 1.80536 1.38657 3.19193
1.34000 -0.51892 1.94618 1.89382 1.29142 3.18524
1.35000 -0.49924 1.98989 1.97982 1.19732 3.17715
1.36000 -0.47913 2.03125 2.06299 1.10463 3.16762
1.37000 -0.45862 2.07023 2.14294 1.01372 3.15665
1.38000 -0.43773 2.10680 2.21930 0.92493 3.14423
1.39000 -0.41649 2.14091 2.29175 0.83861 3.13037
1.40000 -0.39492 2.17254 2.35996 0.75511 3.11507
1.41000 -0.37305 2.20166 2.42365 0.67472 3.09837
1.42000 -0.35090 2.22824 2.48254 0.59777 3.08031
1.43000 -0.32849 2.25228 2.53638 0.52454 3.06092
1.44000 -0.30586 2.27375 2.58498 0.45530 3.04028
1.45000 -0.28303 2.29266 2.62814 0.39029 3.01843
1.46000 -0.26001 2.30899 2.66571 0.32975 2.99546
1.47000 -0.23685 2.32274 2.69757 0.27389 2.97145
1.48000 -0.21357 2.33393 2.72361 0.22288 2.94649
1.49000 -0.19018 2.34256 2.74379 0.17688 2.92067
1.50000 -0.16673 2.34864 2.75806 0.13603 2.89410
1.51000 -0.14322 2.35221 2.76644 0.10044 2.86687
1.52000 -0.11969 2.35327 2.76893 0.07018 2.83912
1.53000 -0.09616 2.35186 2.76562 0.04532 2.81094
1.54000 -0.07266 2.34801 2.75658 0.02589 2.78246
1.55000 -0.04921 2.34176 2.74192 0.01188 2.75379
1.56000 -0.02583 2.33315 2.72179 0.00327 2.72506
1.57000 -0.00255 2.32222 2.69635 0.00003 2.69638
1.58000 0.02060 2.30902 2.66579 0.00208 2.66787
1.59000 0.04362 2.29361 2.63032 0.00933 2.63965
1.60000 0.06647 2.27603 2.59016 0.02166 2.61182
1.61000 0.08913 2.25635 2.54556 0.03894 2.58450
1.62000 0.11159 2.23462 2.49677 0.06101 2.55779
1.63000 0.13382 2.21092 2.44408 0.08770 2.53178
1.64000 0.15580 2.18530 2.38776 0.11882 2.50658
1.65000 0.17752 2.15783 2.32810 0.15416 2.48227
1.66000 0.19895 2.12857 2.26541 0.19351 2.45892
1.67000 0.22008 2.09761 2.19999 0.23662 2.43661
1.68000 0.24090 2.06501 2.13213 0.28327 2.41540
1.69000 0.26138 2.03084 2.06215 0.33320 2.39535
1.70000 0.28151 1.99517 1.99036 0.38615 2.37650
1.71000 0.30128 1.95808 1.91704 0.44186 2.35890
1.72000 0.32067 1.91964 1.84251 0.50006 2.34257
1.73000 0.33967 1.87992 1.76704 0.56048 2.32753
1.74000 0.35826 1.83899 1.69094 0.62286 2.31379
1.75000 0.37644 1.79692 1.61446 0.68691 2.30136
1.76000 0.39420 1.75378 1.53787 0.75237 2.29024
1.77000 0.41151 1.70964 1.46143 0.81897 2.28041
1.78000 0.42839 1.66457 1.38539 0.88645 2.27184
1.79000 0.44480 1.61862 1.30997 0.95455 2.26452
1.80000 0.46075 1.57187 1.23539 1.02302 2.25841
1.81000 0.47624 1.52438 1.16186 1.09159 2.25346
1.82000 0.49124 1.47619 1.08958 1.16005 2.24962
1.83000 0.50576 1.42738 1.01871 1.22814 2.24685
1.84000 0.51979 1.37799 0.94943 1.29565 2.24508
1.85000 0.53332 1.32808 0.88190 1.36236 2.24425
1.86000 0.54635 1.27769 0.81625 1.42805 2.24430
1.87000 0.55887 1.22687 0.75261 1.49254 2.24515
1.88000 0.57088 1.17567 0.69110 1.55562 2.24673
1.89000 0.58238 1.12413 0.63183 1.61713 2.24896
1.90000 0.59336 1.07228 0.57489 1.67688 2.25176
1.91000 0.60383 1.02016 0.52036 1.73471 2.25507
1.92000 0.61377 0.96780 0.46832 1.79047 2.25880
1.93000 0.62318 0.91524 0.41884 1.84403 2.26286
1.94000 0.63207 0.86251 0.37196 1.89523 2.26719
1.95000 0.64043 0.80962 0.32775 1.94397 2.27171
1.96000 0.64826 0.75661 0.28623 1.99011 2.27634
1.97000 0.65556 0.70349 0.24745 2.03357 2.28102
1.98000 0.66233 0.65029 0.21144 2.07422 2.28566
1.99000 0.66857 0.59701 0.17821 2.11200 2.29021
2.00000 0.67427 0.54369 0.14780 2.14680 2.29460
2.01000 0.67944 0.49032 0.12020 2.17857 2.29878
2.02000 0.68408 0.43692 0.09545 2.20723 2.30268
2.03000 0.68818 0.38349 0.07353 2.23273 2.30626
2.04000 0.69175 0.33006 0.05447 2.25500 2.30948
2.05000 0.69478 0.27663 0.03826 2.27402 2.31228
2.06000 0.69728 0.22320 0.02491 2.28974 2.31465
2.07000 0.69925 0.16977 0.01441 2.30213 2.31654
2.08000 0.70068 0.11636 0.00677 2.31117 2.31794
2.09000 0.70157 0.06297 0.00198 2.31685 2.31883
2.10000 0.70194 0.00960 0.00005 2.31915 2.31919
2.11000 0.70176 -0.04375 0.00096 2.31806 2.31902
2.12000 0.70106 -0.09706 0.00471 2.31361 2.31832
2.13000 0.69982 -0.15034 0.01130 2.30578 2.31709
2.14000 0.69805 -0.20358 0.02072 2.29462 2.31534
2.15000 0.69575 -0.25678 0.03297 2.28012 2.31309
2.16000 0.69292 -0.30993 0.04803 2.26233 2.31036
2.17000 0.68955 -0.36302 0.06589 2.24129 2.30718
2.18000 0.68566 -0.41604 0.08654 2.21704 2.30358
2.19000 0.68123 -0.46899 0.10998 2.18963 2.29960
2.20000 0.67628 -0.52186 0.13617 2.15911 2.29528
2.21000 0.67080 -0.57463 0.16510 2.12556 2.29066
2.22000 0.66479 -0.62728 0.19674 2.08906 2.28580
2.23000 0.65825 -0.67982 0.23107 2.04967 2.28075
2.24000 0.65119 -0.73220 0.26806 2.00750 2.27556
2.25000 0.64361 -0.78443 0.30766 1.96263 2.27029
2.26000 0.63550 -0.83647 0.34984 1.91518 2.26501
2.27000 0.62688 -0.88829 0.39453 1.86525 2.25979
2.28000 0.61774 -0.93989 0.44169 1.81298 2.25467
2.29000 0.60808 -0.99121 0.49125 1.75849 2.24974
2.30000 0.59791 -1.04224 0.54314 1.70193 2.24506
2.31000 0.58724 -1.09295 0.59727 1.64343 2.24070
2.32000 0.57606 -1.14328 0.65355 1.58317 2.23671
2.33000 0.56437 -1.19321 0.71188 1.52130 2.23318
2.34000 0.55219 -1.24269 0.77215 1.45801 2.23015
2.35000 0.53952 -1.29169 0.83423 1.39347 2.22770
2.36000 0.52636 -1.34015 0.89799 1.32788 2.22587
2.37000 0.51272 -1.38802 0.96330 1.26144 2.22474
2.38000 0.49860 -1.43525 1.02998 1.19436 2.22433
2.39000 0.48402 -1.48180 1.09786 1.12685 2.22472
2.40000 0.46897 -1.52760 1.16678 1.05915 2.22593
2.41000 0.45347 -1.57260 1.23653 0.99147 2.22800
2.42000 0.43752 -1.61673 1.30691 0.92406 2.23097
2.43000 0.42114 -1.65994 1.37770 0.85715 2.23486
2.44000 0.40433 -1.70217 1.44869 0.79100 2.23969
2.45000 0.38710 -1.74334 1.51962 0.72586 2.24547
2.46000 0.36946 -1.78340 1.59025 0.66197 2.25221
2.47000 0.35143 -1.82227 1.66033 0.59959 2.25992
2.48000 0.33302 -1.85989 1.72959 0.53897 2.26857
2.49000 0.31424 -1.89619 1.79777 0.48038 2.27815
2.50000 0.29510 -1.93110 1.86458 0.42406 2.28865
2.51000 0.27562 -1.96456 1.92975 0.37027 2.30002
2.52000 0.25582 -1.99649 1.99299 0.31925 2.31224
2.53000 0.23570 -2.02683 2.05403 0.27123 2.32526
2.54000 0.21529 -2.05551 2.11256 0.22646 2.33902
2.55000 0.19459 -2.08246 2.16833 0.18515 2.35348
2.56000 0.17364 -2.10762 2.22104 0.14752 2.36856
2.57000 0.15245 -2.13093 2.27042 0.11377 2.38420
2.58000 0.13103 -2.15231 2.31622 0.08409 2.40032
2.59000 0.10941 -2.17172 2.35818 0.05866 2.41684
2.60000 0.08760 -2.18909 2.39606 0.03762 2.43368
2.61000 0.06563 -2.20437 2.42963 0.02112 2.45075
2.62000 0.04352 -2.21751 2.45868 0.00929 2.46797
2.63000 0.02129 -2.22846 2.48301 0.00222 2.48523
2.64000 -0.00104 -2.23716 2.50245 0.00001 2.50246
2.65000 -0.02345 -2.24359 2.51685 0.00270 2.51954
2.66000 -0.04590 -2.24770 2.52607 0.01033 2.53640
2.67000 -0.06839 -2.24945 2.53001 0.02293 2.55294
2.68000 -0.09088 -2.24881 2.52858 0.04049 2.56907
2.69000 -0.11336 -2.24577 2.52174 0.06296 2.58470
2.70000 -0.13579 -2.24028 2.50944 0.09031 2.59974
2.71000 -0.15816 -2.23235 2.49169 0.12244 2.61413
2.72000 -0.18043 -2.22194 2.46852 0.15925 2.62777
2.73000 -0.20259 -2.20906 2.43998 0.20062 2.64060
2.74000 -0.22460 -2.19370 2.40616 0.24640 2.65256
2.75000 -0.24645 -2.17586 2.36717 0.29642 2.66359
2.76000 -0.26811 -2.15553 2.32316 0.35049 2.67365
2.77000 -0.28956 -2.13274 2.27429 0.40838 2.68267
2.78000 -0.31076 -2.10749 2.22077 0.46988 2.69065
2.79000 -0.33170 -2.07981 2.16281 0.53473 2.69754
2.80000 -0.35235 -2.04971 2.10066 0.60267 2.70333
2.81000 -0.37268 -2.01723 2.03460 0.67342 2.70802
2.82000 -0.39268 -1.98238 1.96492 0.74668 2.71160
2.83000 -0.41232 -1.94522 1.89193 0.82216 2.71409
2.84000 -0.43158 -1.90577 1.81597 0.89952 2.71549
2.85000 -0.45043 -1.86408 1.73739 0.97846 2.71585
2.86000 -0.46885 -1.82019 1.65655 1.05863 2.71519
2.87000 -0.48683 -1.77417 1.57384 1.13972 2.71355
2.88000 -0.50433 -1.72605 1.48963 1.22137 2.71099
2.89000 -0.52134 -1.67590 1.40432 1.30325 2.70757
2.90000 -0.53784 -1.62378 1.31833 1.38502 2.70335
2.91000 -0.55381 -1.56975 1.23205 1.46634 2.69839
2.92000 -0.56923 -1.51387 1.14590 1.54689 2.69279
2.93000 -0.58408 -1.45622 1.06028 1.62632 2.68660
2.94000 -0.59835 -1.39686 0.97560 1.70433 2.67993
2.95000 -0.61201 -1.33586 0.89226 1.78059 2.67286
2.96000 -0.62506 -1.27331 0.81066 1.85481 2.66547
2.97000 -0.63748 -1.20928 0.73118 1.92668 2.65786
2.98000 -0.64924 -1.14384 0.65419 1.99593 2.65011
2.99000 -0.66035 -1.07708 0.58006 2.06227 2.64233
3.00000 -0.67078 -1.00909 0.50913 2.12547 2.63459
3.01000 -0.68053 -0.93993 0.44173 2.18526 2.62700
3.02000 -0.68958 -0.86970 0.37819 2.24143 2.61962
3.03000 -0.69792 -0.79849 0.31879 2.29375 2.61254
3.04000 -0.70554 -0.72637 0.26381 2.34204 2.60585
3.05000 -0.71244 -0.65344 0.21349 2.38611 2.59960
3.06000 -0.71861 -0.57978 0.16807 2.42579 2.59387
3.07000 -0.72404 -0.50549 0.12776 2.46095 2.58871
3.08000 -0.72872 -0.43065 0.09273 2.49145 2.58418
3.09000 -0.73265 -0.35536 0.06314 2.51718 2.58032
3.10000 -0.73582 -0.27970 0.03912 2.53805 2.57717
3.11000 -0.73824 -0.20376 0.02076 2.55399 2.57475
3.12000 -0.73990 -0.12764 0.00815 2.56494 2.57309
3.13000 -0.74079 -0.05142 0.00132 2.57087 2.57219
3.14000 -0.74093 0.02479 0.00031 2.57175 2.57206
3.15000 -0.74030 0.10092 0.00509 2.56759 2.57268
3.16000 -0.73891 0.17688 0.01564 2.55840 2.57405
3.17000 -0.73676 0.25256 0.03189 2.54423 2.57612
3.18000 -0.73386 0.32788 0.05375 2.52513 2.57888
3.19000 -0.73020 0.40274 0.08110 2.50118 2.58228
3.20000 -0.72580 0.47707 0.11380 2.47246 2.58626
3.21000 -0.72067 0.55077 0.15167 2.43909 2.59076
3.22000 -0.71479 0.62375 0.19453 2.40120 2.59573
3.23000 -0.70819 0.69592 0.24215 2.35893 2.60108
3.24000 -0.70088 0.76720 0.29430 2.31244 2.60674
3.25000 -0.69285 0.83750 0.35070 2.26192 2.61262
3.26000 -0.68413 0.90673 0.41108 2.20755 2.61864
3.27000 -0.67472 0.97482 0.47514 2.14956 2.62469
3.28000 -0.66464 1.04167 0.54254 2.08815 2.63069
3.29000 -0.65389 1.10721 0.61296 2.02358 2.63654
3.30000 -0.64250 1.17136 0.68604 1.95610 2.64214
3.31000 -0.63047 1.23403 0.76142 1.88597 2.64738
3.32000 -0.61782 1.29516 0.83872 1.81346 2.65218
3.33000 -0.60457 1.35466 0.91755 1.73887 2.65642
3.34000 -0.59074 1.41247 0.99754 1.66249 2.66002
3.35000 -0.57633 1.46852 1.07827 1.58462 2.66289
3.36000 -0.56137 1.52273 1.15935 1.50558 2.66493
3.37000 -0.54588 1.57504 1.24038 1.42568 2.66607
3.38000 -0.52988 1.62540 1.32096 1.34525 2.66621
3.39000 -0.51338 1.67374 1.40070 1.26461 2.66531
3.40000 -0.49641 1.72000 1.47920 1.18408 2.66328
3.41000 -0.47899 1.76413 1.55608 1.10399 2.66007
3.42000 -0.46113 1.80609 1.63097 1.02467 2.65564
3.43000 -0.44287 1.84582 1.70352 0.94642 2.64994
3.44000 -0.42422 1.88328 1.77337 0.86958 2.64295
3.45000 -0.40521 1.91844 1.84020 0.79443 2.63464
3.46000 -0.38586 1.95126 1.90370 0.72129 2.62500
3.47000 -0.36620 1.98171 1.96358 0.65044 2.61402
3.48000 -0.34624 2.00976 2.01956 0.58216 2.60172
3.49000 -0.32601 2.03539 2.07141 0.51671 2.58812
3.50000 -0.30554 2.05859 2.11889 0.45435 2.57323
3.51000 -0.28485 2.07933 2.16181 0.39529 2.55711
3.52000 -0.26396 2.09762 2.20001 0.33977 2.53978
3.53000 -0.24290 2.11345 2.23333 0.28798 2.52131
3.54000 -0.22170 2.12681 2.26166 0.24010 2.50176
3.55000 -0.20037 2.13772 2.28492 0.19628 2.48120
3.56000 -0.17895 2.14618 2.30305 0.15666 2.45970
3.57000 -0.15746 2.15221 2.31600 0.12136 2.43736
3.58000 -0.13592 2.15582 2.32379 0.09047 2.41426
3.59000 -0.11435 2.15705 2.32643 0.06407 2.39049
3.60000 -0.09278 2.15591 2.32397 0.04220 2.36616
3.61000 -0.07124 2.15243 2.31649 0.02488 2.34137
3.62000 -0.04974 2.14667 2.30409 0.01213 2.31622
3.63000 -0.02831 2.13864 2.28689 0.00393 2.29083
3.64000 -0.00698 2.12840 2.26505 0.00024 2.26529
3.65000 0.01425 2.11600 2.23872 0.00100 2.23972
3.66000 0.03534 2.10148 2.20810 0.00612 2.21422
3.67000 0.05627 2.08489 2.17339 0.01553 2.18891
3.68000 0.07703 2.06630 2.13480 0.02909 2.16388
3.69000 0.09759 2.04576 2.09257 0.04668 2.13924
3.70000 0.11794 2.02333 2.04694 0.06814 2.11508
3.71000 0.13805 1.99908 1.99817 0.09333 2.09150
3.72000 0.15791 1.97308 1.94651 0.12206 2.06857
3.73000 0.17751 1.94538 1.89225 0.15414 2.04639
3.74000 0.19681 1.91606 1.83564 0.18939 2.02502
3.75000 0.21582 1.88518 1.77696 0.22758 2.00454
3.76000 0.23451 1.85283 1.71649 0.26852 1.98501
3.77000 0.25287 1.81906 1.65449 0.31198 1.96647
3.78000 0.27089 1.78395 1.59124 0.35774 1.94898
3.79000 0.28855 1.74758 1.52701 0.40557 1.93258
3.80000 0.30584 1.71000 1.46205 0.45523 1.91728
3.81000 0.32274 1.67130 1.39662 0.50651 1.90313
3.82000 0.33926 1.63154 1.33096 0.55916 1.89012
3.83000 0.35537 1.59079 1.26531 0.61296 1.87826
3.84000 0.37107 1.54912 1.19989 0.66768 1.86757
3.85000 0.38635 1.50660 1.13492 0.72310 1.85801
3.86000 0.40120 1.46328 1.07060 0.77899 1.84959
3.87000 0.41562 1.41925 1.00713 0.83514 1.84227
3.88000 0.42958 1.37454 0.94469 0.89135 1.83603
3.89000 0.44310 1.32924 0.88343 0.94740 1.83083
3.90000 0.45617 1.28338 0.82353 1.00310 1.82663
3.91000 0.46877 1.23703 0.76513 1.05826 1.82338
3.92000 0.48091 1.19025 0.70835 1.11269 1.82104
3.93000 0.49257 1.14307 0.65331 1.16622 1.81953
3.94000 0.50377 1.09556 0.60012 1.21869 1.81882
3.95000 0.51448 1.04775 0.54888 1.26993 1.81882
3.96000 0.52472 0.99968 0.49968 1.31980 1.81948
3.97000 0.53448 0.95140 0.45258 1.36815 1.82073
3.98000 0.54375 0.90295 0.40766 1.41484 1.82250
3.99000 0.55254 0.85436 0.36497 1.45976 1.82473
4.00000 0.56084 0.80566 0.32454 1.50278 1.82733
4.01000 0.56865 0.75688 0.28644 1.54380 1.83024
4.02000 0.57597 0.70806 0.25067 1.58272 1.83339
4.03000 0.58281 0.65921 0.21728 1.61944 1.83671
4.04000 0.58916 0.61035 0.18626 1.65387 1.84014
4.05000 0.59502 0.56152 0.15765 1.68595 1.84360
4.06000 0.60039 0.51272 0.13144 1.71560 1.84704
4.07000 0.60527 0.46397 0.10763 1.74277 1.85040
4.08000 0.60967 0.41529 0.08623 1.76738 1.85362
4.09000 0.61358 0.36669 0.06723 1.78941 1.85664
4.10000 0.61700 0.31818 0.05062 1.80879 1.85941
4.11000 0.61994 0.26976 0.03639 1.82551 1.86190
4.12000 0.62240 0.22146 0.02452 1.83954 1.86406
4.13000 0.62437 0.17326 0.01501 1.85084 1.86585
4.14000 0.62586 0.12518 0.00784 1.85940 1.86724
4.15000 0.62687 0.07723 0.00298 1.86522 1.86821
4.16000 0.62741 0.02940 0.00043 1.86829 1.86873
4.17000 0.62746 -0.01831 0.00017 1.86861 1.86878
4.18000 0.62704 -0.06588 0.00217 1.86619 1.86836
4.19000 0.62615 -0.11332 0.00642 1.86103 1.86745
4.20000 0.62478 -0.16063 0.01290 1.85316 1.86607
4.21000 0.62293 -0.20781 0.02159 1.84261 1.86420
4.22000 0.62062 -0.25484 0.03247 1.82939 1.86186
4.23000 0.61784 -0.30174 0.04552 1.81354 1.85907
4.24000 0.61459 -0.34850 0.06073 1.79511 1.85583
4.25000 0.61087 -0.39511 0.07806 1.77413 1.85219
4.26000 0.60668 -0.44158 0.09750 1.75066 1.84816
4.27000 0.60204 -0.48789 0.11902 1.72475 1.84377
4.28000 0.59693 -0.53404 0.14260 1.69647 1.83907
4.29000 0.59136 -0.58002 0.16821 1.66588 1.83410
4.30000 0.58533 -0.62583 0.19583 1.63306 1.82889
4.31000 0.57884 -0.67145 0.22542 1.59807 1.82350
4.32000 0.57190 -0.71688 0.25696 1.56102 1.81797
4.33000 0.56450 -0.76209 0.29039 1.52198 1.81237
4.34000 0.55666 -0.80707 0.32568 1.48106 1.80674
4.35000 0.54836 -0.85181 0.36279 1.43835 1.80114
4.36000 0.53962 -0.89629 0.40167 1.39397 1.79564
4.37000 0.53044 -0.94048 0.44225 1.34804 1.79029
4.38000 0.52081 -0.98436 0.48448 1.30066 1.78514
4.39000 0.51075 -1.02791 0.52830 1.25198 1.78028
4.40000 0.50026 -1.07109 0.57362 1.20212 1.77574
4.41000 0.48933 -1.11388 0.62037 1.15123 1.77160
4.42000 0.47798 -1.15625 0.66846 1.09945 1.76791
4.43000 0.46621 -1.19816 0.71779 1.04693 1.76472
4.44000 0.45402 -1.23957 0.76827 0.99383 1.76210
4.45000 0.44142 -1.28045 0.81977 0.94032 1.76009
4.46000 0.42841 -1.32075 0.87219 0.88656 1.75875
4.47000 0.41501 -1.36043 0.92538 0.83273 1.75811
4.48000 0.40121 -1.39944 0.97922 0.77900 1.75822
4.49000 0.38702 -1.43774 1.03355 0.72556 1.75912
4.50000 0.37245 -1.47529 1.08823 0.67260 1.76083
4.51000 0.35752 -1.51202 1.14310 0.62030 1.76339
4.52000 0.34222 -1.54788 1.19797 0.56885 1.76682
4.53000 0.32656 -1.58283 1.25268 0.51845 1.77113
4.54000 0.31056 -1.61681 1.30704 0.46929 1.77633
4.55000 0.29423 -1.64976 1.36085 0.42157 1.78243
4.56000 0.27757 -1.68162 1.41393 0.37549 1.78942
4.57000 0.26060 -1.71235 1.46606 0.33123 1.79729
4.58000 0.24333 -1.74187 1.51705 0.28899 1.80604
4.59000 0.22577 -1.77013 1.56668 0.24895 1.81563
4.60000 0.20793 -1.79707 1.61474 0.21130 1.82604
4.61000 0.18983 -1.82264 1.66101 0.17622 1.83723
4.62000 0.17148 -1.84677 1.70529 0.14388 1.84917
4.63000 0.15290 -1.86941 1.74735 0.11445 1.86180
4.64000 0.13410 -1.89050 1.78700 0.08807 1.87507
4.65000 0.11509 -1.90999 1.82403 0.06490 1.88893
4.66000 0.09590 -1.92781 1.85823 0.04508 1.90331
4.67000 0.07654 -1.94392 1.88942 0.02872 1.91814
4.68000 0.05703 -1.95827 1.91740 0.01595 1.93335
4.69000 0.03738 -1.97080 1.94202 0.00685 1.94887
4.70000 0.01762 -1.98146 1.96310 0.00152 1.96462
4.71000 -0.00224 -1.99022 1.98049 0.00002 1.98051
4.72000 -0.02218 -1.99703 1.99406 0.00241 1.99647
4.73000 -0.04217 -2.00184 2.00369 0.00872 2.01241
4.74000 -0.06221 -2.00463 2.00927 0.01897 2.02824
4.75000 -0.08226 -2.00535 2.01072 0.03317 2.04389
4.76000 -0.10231 -2.00398 2.00797 0.05129 2.05926
4.77000 -0.12233 -2.00049 2.00097 0.07331 2.07428
4.78000 -0.14231 -1.99485 1.98971 0.09917 2.08888
4.79000 -0.16222 -1.98704 1.97417 0.12879 2.10296
4.80000 -0.18204 -1.97705 1.95436 0.16210 2.11646
4.81000 -0.20175 -1.96486 1.93034 0.19898 2.12932
4.82000 -0.22133 -1.95047 1.90216 0.23931 2.14147
4.83000 -0.24076 -1.93386 1.86991 0.28294 2.15285
4.84000 -0.26000 -1.91504 1.83370 0.32972 2.16342
4.85000 -0.27905 -1.89401 1.79364 0.37947 2.17312
4.86000 -0.29787 -1.87078 1.74991 0.43201 2.18192
4.87000 -0.31646 -1.84535 1.70266 0.48713 2.18978
4.88000 -0.33477 -1.81774 1.65209 0.54461 2.19670
4.89000 -0.35281 -1.78797 1.59841 0.60423 2.20264
4.90000 -0.37053 -1.75606 1.54187 0.66574 2.20761
4.91000 -0.38792 -1.72203 1.48270 0.72890 2.21160
4.92000 -0.40496 -1.68592 1.42117 0.79345 2.21462
4.93000 -0.42163 -1.64776 1.35756 0.85913 2.21669
4.94000 -0.43791 -1.60758 1.29216 0.92567 2.21783
4.95000 -0.45378 -1.56543 1.22529 0.99279 2.21808
4.96000 -0.46921 -1.52135 1.15726 1.06021 2.21747
4.97000 -0.48420 -1.47539 1.08839 1.12767 2.21606
4.98000 -0.49871 -1.42759 1.01901 1.19487 2.21388
4.99000 -0.51274 -1.37801 0.94946 1.26154 2.21100
5.00000 -0.52627 -1.32671 0.88008 1.32741 2.20749
5.01000 -0.53927 -1.27374 0.81121 1.39220 2.20341
5.02000 -0.55174 -1.21917 0.74319 1.45565 2.19884
5.03000 -0.56365 -1.16306 0.67635 1.51750 2.19385
5.04000 -0.57499 -1.10547 0.61103 1.57749 2.18852
5.05000 -0.58575 -1.04648 0.54756 1.63537 2.18293
5.06000 -0.59592 -0.98615 0.48624 1.69092 2.17716
5.07000 -0.60547 -0.92456 0.42740 1.74389 2.17130
5.08000 -0.61441 -0.86178 0.37133 1.79409 2.16542
5.09000 -0.62270 -0.79790 0.31832 1.84130 2.15962
5.10000 -0.63036 -0.73298 0.26863 1.88533 2.15396
5.11000 -0.63736 -0.66711 0.22251 1.92601 2.14852
5.12000 -0.64370 -0.60036 0.18022 1.96317 2.14338
5.13000 -0.64937 -0.53283 0.14195 1.99665 2.13861
5.14000 -0.65435 -0.46460 0.10792 2.02634 2.13426
5.15000 -0.65866 -0.39574 0.07831 2.05210 2.13040
5.16000 -0.66227 -0.32635 0.05325 2.07383 2.12708
5.17000 -0.66518 -0.25652 0.03290 2.09144 2.12434
5.18000 -0.66740 -0.18632 0.01736 2.10487 2.12223
5.19000 -0.66891 -0.11585 0.00671 2.11405 2.12077
5.20000 -0.66971 -0.04521 0.00102 2.11896 2.11998
5.21000 -0.66981 0.02554 0.00033 2.11956 2.11988
5.22000 -0.66920 0.09628 0.00463 2.11585 2.12048
5.23000 -0.66789 0.16694 0.01393 2.10784 2.12178
5.24000 -0.66586 0.23741 0.02818 2.09558 2.12376
5.25000 -0.66314 0.30762 0.04732 2.07909 2.12640
5.26000 -0.65971 0.37748 0.07124 2.05844 2.12969
5.27000 -0.65559 0.44688 0.09985 2.03373 2.13358
5.28000 -0.65078 0.51575 0.13300 2.00503 2.13803
5.29000 -0.64528 0.58399 0.17052 1.97247 2.14298
5.30000 -0.63910 0.65151 0.21223 1.93616 2.14840
5.31000 -0.63225 0.71822 0.25792 1.89627 2.15419
5.32000 -0.62474 0.78405 0.30737 1.85294 2.16031
5.33000 -0.61657 0.84889 0.36031 1.80636 2.16667
5.34000 -0.60776 0.91268 0.41649 1.75670 2.17319
5.35000 -0.59832 0.97531 0.47561 1.70418 2.17979
5.36000 -0.58826 1.03671 0.53738 1.64899 2.18637
5.37000 -0.57759 1.09680 0.60148 1.59138 2.19286
5.38000 -0.56633 1.15549 0.66758 1.53158 2.19916
5.39000 -0.55449 1.21272 0.73534 1.46983 2.20517
5.40000 -0.54208 1.26839 0.80441 1.40639 2.21080
5.41000 -0.52912 1.32245 0.87444 1.34153 2.21596
5.42000 -0.51564 1.37482 0.94506 1.27551 2.22057
5.43000 -0.50163 1.42542 1.01591 1.20861 2.22453
5.44000 -0.48713 1.47420 1.08663 1.14112 2.22776
5.45000 -0.47216 1.52109 1.15686 1.07332 2.23017
5.46000 -0.45672 1.56603 1.22622 1.00549 2.23171
5.47000 -0.44084 1.60896 1.29438 0.93791 2.23229
5.48000 -0.42455 1.64983 1.36097 0.87088 2.23185
5.49000 -0.40785 1.68859 1.42567 0.80467 2.23034
5.50000 -0.39078 1.72519 1.48815 0.73956 2.22771
5.51000 -0.37336 1.75960 1.54809 0.67583 2.22392
5.52000 -0.35560 1.79176 1.60520 0.61373 2.21893
5.53000 -0.33753 1.82165 1.65921 0.55352 2.21273
5.54000 -0.31917 1.84924 1.70984 0.49545 2.20529
5.55000 -0.30055 1.87450 1.75687 0.43975 2.19662
5.56000 -0.28169 1.89740 1.80007 0.38664 2.18672
5.57000 -0.26261 1.91794 1.83925 0.33633 2.17559
5.58000 -0.24334 1.93610 1.87425 0.28902 2.16326
5.59000 -0.22390 1.95187 1.90490 0.24486 2.14977
5.60000 -0.20431 1.96525 1.93111 0.20404 2.13514
5.61000 -0.18460 1.97624 1.95276 0.16668 2.11944
5.62000 -0.16479 1.98484 1.96980 0.13290 2.10271
5.63000 -0.14491 1.99108 1.98219 0.10282 2.08501
5.64000 -0.12498 1.99495 1.98991 0.07652 2.06642
5.65000 -0.10502 1.99648 1.99297 0.05405 2.04702
5.66000 -0.08506 1.99570 1.99141 0.03547 2.02688
5.67000 -0.06511 1.99263 1.98529 0.02079 2.00608
5.68000 -0.04521 1.98731 1.97471 0.01003 1.98473
5.69000 -0.02538 1.97978 1.95976 0.00316 1.96292
5.70000 -0.00562 1.97006 1.94058 0.00016 1.94073
5.71000 0.01402 1.95822 1.91731 0.00096 1.91828
5.72000 0.03353 1.94429 1.89014 0.00551 1.89565
5.73000 0.05290 1.92833 1.85923 0.01372 1.87296
5.74000 0.07209 1.91040 1.82480 0.02548 1.85029
5.75000 0.09110 1.89054 1.78706 0.04068 1.82774
5.76000 0.10990 1.86882 1.74624 0.05918 1.80542
5.77000 0.12847 1.84530 1.70257 0.08084 1.78341
5.78000 0.14680 1.82005 1.65630 0.10551 1.76181
5.79000 0.16487 1.79314 1.60767 0.13302 1.74069
5.80000 0.18266 1.76462 1.55694 0.16319 1.72013
5.81000 0.20015 1.73458 1.50438 0.19584 1.70022
5.82000 0.21734 1.70308 1.45023 0.23079 1.68102
5.83000 0.23421 1.67019 1.39476 0.26783 1.66259
5.84000 0.25074 1.63598 1.33822 0.30677 1.64499
5.85000 0.26692 1.60054 1.28087 0.34741 1.62827
5.86000 0.28275 1.56393 1.22294 0.38953 1.61247
5.87000 0.29820 1.52622 1.16467 0.43295 1.59762
5.88000 0.31327 1.48749 1.10631 0.47744 1.58375
5.89000 0.32795 1.44780 1.04807 0.52282 1.57088
5.90000 0.34222 1.40724 0.99016 0.56887 1.55903
5.91000 0.35609 1.36586 0.93278 0.61540 1.54819
5.92000 0.36954 1.32374 0.87614 0.66223 1.53837
5.93000 0.38256 1.28094 0.82040 0.70915 1.52955
5.94000 0.39515 1.23753 0.76574 0.75598 1.52172
5.95000 0.40731 1.19357 0.71231 0.80256 1.51487
5.96000 0.41902 1.14913 0.66025 0.84870 1.50895
5.97000 0.43029 1.10427 0.60970 0.89424 1.50394
5.98000 0.44111 1.05903 0.56077 0.93902 1.49979
5.99000 0.45147 1.01349 0.51358 0.98290 1.49647
6.00000 0.46138 0.96768 0.46820 1.02573 1.49393
6.01000 0.47082 0.92166 0.42473 1.06738 1.49211
6.02000 0.47981 0.87549 0.38324 1.10772 1.49095
6.03000 0.48833 0.82919 0.34378 1.14663 1.49041
6.04000 0.49639 0.78283 0.30641 1.18401 1.49041
6.05000 0.50399 0.73643 0.27116 1.21974 1.49091
6.06000 0.51112 0.69003 0.23807 1.25375 1.49182
6.07000 0.51779 0.64368 0.20716 1.28594 1.49310
6.08000 0.52400 0.59740 0.17844 1.31624 1.49468
6.09000 0.52974 0.55121 0.15192 1.34456 1.49648
6.10000 0.53502 0.50516 0.12760 1.37086 1.49846
6.11000 0.53984 0.45927 0.10546 1.39508 1.50054
6.12000 0.54421 0.41354 0.08551 1.41716 1.50267
6.13000 0.54811 0.36802 0.06772 1.43708 1.50480
6.14000 0.55157 0.32271 0.05207 1.45478 1.50685
6.15000 0.55457 0.27763 0.03854 1.47025 1.50879
6.16000 0.55712 0.23279 0.02710 1.48346 1.51055
6.17000 0.55923 0.18821 0.01771 1.49439 1.51210
6.18000 0.56089 0.14389 0.01035 1.50304 1.51340
6.19000 0.56210 0.09984 0.00498 1.50941 1.51439
6.20000 0.56288 0.05608 0.00157 1.51349 1.51506
6.21000 0.56323 0.01260 0.00008 1.51528 1.51536
6.22000 0.56314 -0.03060 0.00047 1.51481 1.51528
6.23000 0.56262 -0.07350 0.00270 1.51208 1.51479
6.24000 0.56167 -0.11611 0.00674 1.50713 1.51387
6.25000 0.56029 -0.15843 0.01255 1.49996 1.51251
6.26000 0.55850 -0.20046 0.02009 1.49062 1.51071
6.27000 0.55629 -0.24219 0.02933 1.47913 1.50846
6.28000 0.55366 -0.28364 0.04023 1.46554 1.50576
6.29000 0.55061 -0.32479 0.05275 1.44988 1.50263
6.30000 0.54716 -0.36566 0.06685 1.43221 1.49907
6.31000 0.54330 -0.40624 0.08252 1.41258 1.49509
6.32000 0.53904 -0.44653 0.09970 1.39103 1.49072
6.33000 0.53437 -0.48654 0.11836 1.36763 1.48599
6.34000 0.52931 -0.52627 0.13848 1.34243 1.48091
6.35000 0.52385 -0.56571 0.16001 1.31551 1.47553
6.36000 0.51799 -0.60487 0.18293 1.28694 1.46987
6.37000 0.51175 -0.64373 0.20720 1.25678 1.46397
6.38000 0.50512 -0.68231 0.23277 1.22511 1.45788
6.39000 0.49811 -0.72059 0.25963 1.19202 1.45165
6.40000 0.49071 -0.75857 0.28772 1.15759 1.44531
6.41000 0.48294 -0.79625 0.31700 1.12192 1.43892
6.42000 0.47479 -0.83360 0.34745 1.08508 1.43253
6.43000 0.46626 -0.87064 0.37900 1.04718 1.42618
6.44000 0.45737 -0.90733 0.41163 1.00832 1.41995
6.45000 0.44812 -0.94368 0.44526 0.96860 1.41387
6.46000 0.43850 -0.97966 0.47986 0.92814 1.40800
6.47000 0.42853 -1.01525 0.51537 0.88703 1.40240
6.48000 0.41820 -1.05045 0.55172 0.84541 1.39713
6.49000 0.40752 -1.08522 0.58885 0.80337 1.39223
6.50000 0.39650 -1.11955 0.62670 0.76106 1.38776
6.51000 0.38513 -1.15341 0.66518 0.71859 1.38377
6.52000 0.37343 -1.18678 0.70422 0.67609 1.38031
6.53000 0.36140 -1.21962 0.74373 0.63369 1.37742
6.54000 0.34904 -1.25190 0.78363 0.59152 1.37515
6.55000 0.33636 -1.28360 0.82382 0.54973 1.37355
6.56000 0.32337 -1.31468 0.86420 0.50845 1.37264
6.57000 0.31007 -1.34511 0.90466 0.46781 1.37247
6.58000 0.29647 -1.37484 0.94509 0.42797 1.37306
6.59000 0.28257 -1.40383 0.98537 0.38906 1.37443
6.60000 0.26839 -1.43206 1.02539 0.35122 1.37661
6.61000 0.25394 -1.45947 1.06502 0.31460 1.37962
6.62000 0.23921 -1.48602 1.10412 0.27933 1.38345
6.63000 0.22422 -1.51167 1.14257 0.24556 1.38813
6.64000 0.20898 -1.53637 1.18021 0.21343 1.39365
6.65000 0.19349 -1.56008 1.21692 0.18307 1.39999
6.66000 0.17778 -1.58274 1.25254 0.15462 1.40716
6.67000 0.16184 -1.60432 1.28693 0.12820 1.41513
6.68000 0.14570 -1.62477 1.31994 0.10394 1.42387
6.69000 0.12935 -1.64403 1.35142 0.08196 1.43337
6.70000 0.11282 -1.66206 1.38122 0.06237 1.44359
6.71000 0.09612 -1.67881 1.40921 0.04528 1.45448
6.72000 0.07925 -1.69424 1.43522 0.03079 1.46601
6.73000 0.06224 -1.70829 1.45913 0.01899 1.47812
6.74000 0.04509 -1.72092 1.48079 0.00997 1.49076
6.75000 0.02782 -1.73209 1.50007 0.00380 1.50387
6.76000 0.01045 -1.74175 1.51685 0.00054 1.51739
6.77000 -0.00701 -1.74986 1.53101 0.00024 1.53125
6.78000 -0.02454 -1.75638 1.54243 0.00295 1.54539
6.79000 -0.04213 -1.76126 1.55103 0.00871 1.55973
6.80000 -0.05976 -1.76448 1.55669 0.01751 1.57421
6.81000 -0.07741 -1.76599 1.55936 0.02938 1.58874
6.82000 -0.09507 -1.76576 1.55895 0.04430 1.60326
6.83000 -0.11272 -1.76376 1.55542 0.06226 1.61768
6.84000 -0.13034 -1.75996 1.54873 0.08322 1.63194
6.85000 -0.14792 -1.75433 1.53884 0.10712 1.64597
6.86000 -0.16542 -1.74686 1.52576 0.13392 1.65968
6.87000 -0.18285 -1.73751 1.50948 0.16353 1.67301
6.88000 -0.20017 -1.72628 1.49003 0.19588 1.68590
6.89000 -0.21737 -1.71315 1.46744 0.23084 1.69828
6.90000 -0.23442 -1.69810 1.44177 0.26832 1.71009
6.91000 -0.25132 -1.68113 1.41310 0.30819 1.72128
6.92000 -0.26804 -1.66223 1.38150 0.35030 1.73180
6.93000 -0.28456 -1.64140 1.34710 0.39451 1.74161
6.94000 -0.30086 -1.61865 1.31001 0.44065 1.75066
6.95000 -0.31693 -1.59397 1.27037 0.48856 1.75893
6.96000 -0.33274 -1.56738 1.22833 0.53806 1.76639
6.97000 -0.34827 -1.53888 1.18408 0.58894 1.77302
6.98000 -0.36351 -1.50850 1.13778 0.64103 1.77881
6.99000 -0.37843 -1.47625 1.08965 0.69411 1.78376
7.00000 -0.39303 -1.44215 1.03990 0.74797 1.78787
7.01000 -0.40727 -1.40623 0.98874 0.80240 1.79114
7.02000 -0.42114 -1.36852 0.93642 0.85718 1.79360
7.03000 -0.43463 -1.32904 0.88318 0.91209 1.79527
7.04000 -0.44772 -1.28784 0.82927 0.96691 1.79618
7.05000 -0.46038 -1.24496 0.77496 1.02140 1.79636
7.06000 -0.47261 -1.20042 0.72051 1.07535 1.79586
7.07000 -0.48439 -1.15429 0.66619 1.12854 1.79473
7.08000 -0.49569 -1.10660 0.61228 1.18074 1.79302
7.09000 -0.50651 -1.05740 0.55905 1.23174 1.79079
7.10000 -0.51684 -1.00676 0.50678 1.28132 1.78810
7.11000 -0.52665 -0.95471 0.45574 1.32927 1.78501
7.12000 -0.53593 -0.90133 0.40620 1.37540 1.78160
7.13000 -0.54467 -0.84667 0.35842 1.41951 1.77794
7.14000 -0.55286 -0.79080 0.31268 1.46141 1.77409
7.15000 -0.56048 -0.73377 0.26921 1.50093 1.77014
7.16000 -0.56753 -0.67567 0.22826 1.53789 1.76615
7.17000 -0.57399 -0.61655 0.19007 1.57214 1.76220
7.18000 -0.57986 -0.55649 0.15484 1.60353 1.75837
7.19000 -0.58512 -0.49557 0.12279 1.63192 1.75471
7.20000 -0.58976 -0.43385 0.09411 1.65719 1.75130
7.21000 -0.59379 -0.37142 0.06898 1.67922 1.74820
7.22000 -0.59719 -0.30835 0.04754 1.69793 1.74547
7.23000 -0.59996 -0.24473 0.02995 1.71322 1.74316
7.24000 -0.60208 -0.18063 0.01631 1.72502 1.74133
7.25000 -0.60357 -0.11615 0.00674 1.73327 1.74002
7.26000 -0.60441 -0.05135 0.00132 1.73794 1.73926
7.27000 -0.60459 0.01367 0.00009 1.73899 1.73908
7.28000 -0.60413 0.07882 0.00311 1.73641 1.73952
7.29000 -0.60302 0.14402 0.01037 1.73021 1.74058
7.30000 -0.60125 0.20919 0.02188 1.72040 1.74228
7.31000 -0.59883 0.27423 0.03760 1.70701 1.74461
7.32000 -0.59577 0.33906 0.05748 1.69009 1.74757
7.33000 -0.59205 0.40358 0.08144 1.66970 1.75114
7.34000 -0.58770 0.46771 0.10938 1.64592 1.75530
7.35000 -0.58270 0.53136 0.14117 1.61885 1.76003
7.36000 -0.57707 0.59445 0.17668 1.58859 1.76528
7.37000 -0.57081 0.65687 0.21574 1.55527 1.77101
7.38000 -0.56394 0.71855 0.25816 1.51901 1.77716
7.39000 -0.55645 0.77940 0.30373 1.47996 1.78369
7.40000 -0.54835 0.83933 0.35223 1.43830 1.79053
7.41000 -0.53966 0.89825 0.40342 1.39418 1.79760
7.42000 -0.53039 0.95608 0.45704 1.34780 1.80484
7.43000 -0.52055 1.01274 0.51282 1.29935 1.81217
7.44000 -0.51014 1.06814 0.57046 1.24905 1.81951
7.45000 -0.49919 1.12221 0.62967 1.19709 1.82677
7.46000 -0.48770 1.17486 0.69015 1.14372 1.83387
7.47000 -0.47569 1.22602 0.75156 1.08916 1.84072
7.48000 -0.46319 1.27562 0.81360 1.03364 1.84724
7.49000 -0.45019 1.32358 0.87593 0.97742 1.85334
7.50000 -0.43672 1.36983 0.93822 0.92073 1.85894
7.51000 -0.42280 1.41431 1.00013 0.86382 1.86396
7.52000 -0.40844 1.45695 1.06135 0.80695 1.86831
7.53000 -0.39366 1.49769 1.12154 0.75037 1.87192
7.54000 -0.37849 1.53648 1.18039 0.69432 1.87471
7.55000 -0.36294 1.57326 1.23758 0.63906 1.87664
7.56000 -0.34703 1.60799 1.29281 0.58482 1.87762
7.57000 -0.33079 1.64060 1.34579 0.53184 1.87762
7.58000 -0.31423 1.67107 1.39623 0.48035 1.87658
7.59000 -0.29737 1.69935 1.44389 0.43057 1.87447
7.60000 -0.28025 1.72541 1.48852 0.38272 1.87124
7.61000 -0.26287 1.74922 1.52988 0.33700 1.86689
7.62000 -0.24527 1.77075 1.56778 0.29360 1.86139
7.63000 -0.22747 1.78999 1.60203 0.25270 1.85473
7.64000 -0.20948 1.80691 1.63247 0.21446 1.84693
7.65000 -0.19134 1.82151 1.65896 0.17902 1.83798
7.66000 -0.17306 1.83378 1.68138 0.14653 1.82791
7.67000 -0.15467 1.84372 1.69964 0.11711 1.81675
7.68000 -0.13619 1.85132 1.71369 0.09084 1.80453
7.69000 -0.11765 1.85660 1.72348 0.06781 1.79129
7.70000 -0.09907 1.85956 1.72899 0.04810 1.77709
7.71000 -0.08047 1.86024 1.73024 0.03174 1.76198
7.72000 -0.06187 1.85863 1.72726 0.01877 1.74603
7.73000 -0.04330 1.85478 1.72010 0.00920 1.72930
7.74000 -0.02478 1.84871 1.70886 0.00301 1.71188
7.75000 -0.00633 1.84045 1.69364 0.00020 1.69383
7.76000 0.01202 1.83005 1.67455 0.00071 1.67525
7.77000 0.03026 1.81755 1.65174 0.00449 1.65623
7.78000 0.04836 1.80298 1.62537 0.01147 1.63684
7.79000 0.06631 1.78641 1.59563 0.02156 1.61719
7.80000 0.08409 1.76788 1.56271 0.03466 1.59737
7.81000 0.10166 1.74746 1.52680 0.05065 1.57745
7.82000 0.11903 1.72519 1.48814 0.06941 1.55755
7.83000 0.13616 1.70114 1.44694 0.09080 1.53774
7.84000 0.15305 1.67538 1.40345 0.11467 1.51812
7.85000 0.16966 1.64797 1.35791 0.14086 1.49877
7.86000 0.18600 1.61899 1.31056 0.16921 1.47976
7.87000 0.20204 1.58849 1.26165 0.19954 1.46119
7.88000 0.21777 1.55655 1.21143 0.23169 1.44312
7.89000 0.23317 1.52326 1.16015 0.26546 1.42561
7.90000 0.24823 1.48866 1.10806 0.30068 1.40874
7.91000 0.26293 1.45286 1.05540 0.33716 1.39255
7.92000 0.27728 1.41591 1.00240 0.37471 1.37710
7.93000 0.29125 1.37789 0.94929 0.41314 1.36243
7.94000 0.30483 1.33888 0.89630 0.45227 1.34858
7.95000 0.31802 1.29896 0.84364 0.49192 1.33556
7.96000 0.33081 1.25819 0.79152 0.53190 1.32342
7.97000 0.34319 1.21665 0.74012 0.57204 1.31216
7.98000 0.35514 1.17441 0.68962 0.61217 1.30179
7.99000 0.36667 1.13155 0.64020 0.65211 1.29231
8.00000 0.37777 1.08813 0.59202 0.69171 1.28372
8.01000 0.38843 1.04423 0.54520 0.73081 1.27601
8.02000 0.39865 0.99990 0.49990 0.76925 1.26915
8.03000 0.40843 0.95522 0.45622 0.80691 1.26313
8.04000 0.41776 0.91024 0.41427 0.84365 1.25791
8.05000 0.42663 0.86503 0.37414 0.87933 1.25347
8.06000 0.43506 0.81965 0.33591 0.91384 1.24975
8.07000 0.44303 0.77415 0.29965 0.94707 1.24672
8.08000 0.45054 0.72859 0.26542 0.97892 1.24434
8.09000 0.45760 0.68301 0.23325 1.00929 1.24254
8.10000 0.46420 0.63748 0.20319 1.03809 1.24128
8.11000 0.47035 0.59202 0.17524 1.06526 1.24050
8.12000 0.47604 0.54669 0.14944 1.09071 1.24015
8.13000 0.48128 0.50154 0.12577 1.11439 1.24016
8.14000 0.48607 0.45658 0.10423 1.13625 1.24048
8.15000 0.49041 0.41187 0.08482 1.15623 1.24105
8.16000 0.49431 0.36744 0.06751 1.17430 1.24180
8.17000 0.49776 0.32331 0.05227 1.19042 1.24268
8.18000 0.50078 0.27952 0.03906 1.20458 1.24364
8.19000 0.50336 0.23608 0.02787 1.21674 1.24461
8.20000 0.50550 0.19303 0.01863 1.22692 1.24554
8.21000 0.50722 0.15037 0.01131 1.23508 1.24639
8.22000 0.50851 0.10814 0.00585 1.24125 1.24709
8.23000 0.50938 0.06634 0.00220 1.24542 1.24762
8.24000 0.50984 0.02500 0.00031 1.24760 1.24791
8.25000 0.50988 -0.01589 0.00013 1.24782 1.24794
8.26000 0.50952 -0.05631 0.00159 1.24609 1.24767
8.27000 0.50876 -0.09625 0.00463 1.24244 1.24707
8.28000 0.50760 -0.13571 0.00921 1.23690 1.24611
8.29000 0.50605 -0.17468 0.01526 1.22951 1.24476
8.30000 0.50411 -0.21316 0.02272 1.22030 1.24302
8.31000 0.50178 -0.25115 0.03154 1.20932 1.24086
8.32000 0.49909 -0.28865 0.04166 1.19662 1.23827
8.33000 0.49601 -0.32566 0.05303 1.18223 1.23526
8.34000 0.49257 -0.36218 0.06559 1.16622 1.23181
8.35000 0.48877 -0.39822 0.07929 1.14865 1.22794
8.36000 0.48461 -0.43378 0.09408 1.12956 1.22364
8.37000 0.48010 -0.46887 0.10992 1.10902 1.21894
8.38000 0.47523 -0.50349 0.12675 1.08709 1.21384
8.39000 0.47003 -0.53764 0.14453 1.06384 1.20837
8.40000 0.46448 -0.57133 0.16321 1.03934 1.20255
8.41000 0.45860 -0.60457 0.18275 1.01365 1.19640
8.42000 0.45239 -0.63736 0.20311 0.98685 1.18997
8.43000 0.44586 -0.66970 0.22425 0.95902 1.18327
8.44000 0.43900 -0.70161 0.24613 0.93022 1.17634
8.45000 0.43183 -0.73308 0.26870 0.90053 1.16924
8.46000 0.42434 -0.76412 0.29194 0.87005 1.16198
8.47000 0.41655 -0.79473 0.31580 0.83884 1.15463
8.48000 0.40845 -0.82491 0.34024 0.80699 1.14722
8.49000 0.40005 -0.85466 0.36523 0.77458 1.13981
8.50000 0.39136 -0.88399 0.39072 0.74171 1.13243
8.51000 0.38237 -0.91289 0.41668 0.70845 1.12514
8.52000 0.37310 -0.94136 0.44308 0.67491 1.11799
8.53000 0.36355 -0.96939 0.46986 0.64116 1.11102
8.54000 0.35371 -0.99698 0.49699 0.60731 1.10429
8.55000 0.34361 -1.02412 0.52441 0.57344 1.09785
8.56000 0.33323 -1.05081 0.55210 0.53965 1.09175
8.57000 0.32259 -1.07703 0.57999 0.50603 1.08602
8.58000 0.31169 -1.10276 0.60804 0.47269 1.08073
8.59000 0.30054 -1.12801 0.63620 0.43971 1.07591
8.60000 0.28913 -1.15274 0.66441 0.40720 1.07161
8.61000 0.27749 -1.17696 0.69261 0.37526 1.06787
8.62000 0.26560 -1.20062 0.72075 0.34398 1.06473
8.63000 0.25348 -1.22373 0.74875 0.31346 1.06222
8.64000 0.24113 -1.24624 0.77656 0.28380 1.06037
8.65000 0.22855 -1.26815 0.80411 0.25511 1.05921
8.66000 0.21576 -1.28943 0.83131 0.22746 1.05877
8.67000 0.20277 -1.31004 0.85810 0.20097 1.05907
8.68000 0.18957 -1.32996 0.88440 0.17573 1.06013
8.69000 0.17617 -1.34916 0.91012 0.15184 1.06196
8.70000 0.16258 -1.36762 0.93519 0.12937 1.06456
8.71000 0.14882 -1.38529 0.95952 0.10843 1.06795
8.72000 0.13488 -1.40215 0.98301 0.08910 1.07212
8.73000 0.12078 -1.41816 1.00559 0.07147 1.07706
8.74000 0.10652 -1.43329 1.02716 0.05560 1.08276
8.75000 0.09212 -1.44750 1.04762 0.04159 1.08922
8.76000 0.07757 -1.46075 1.06690 0.02950 1.09640
8.77000 0.06291 -1.47301 1.08488 0.01940 1.10429
8.78000 0.04812 -1.48424 1.10149 0.01135 1.11285
8.79000 0.03322 -1.49441 1.11663 0.00541 1.12205
8.80000 0.01823 -1.50347 1.13022 0.00163 1.13185
8.81000 0.00316 -1.51139 1.14216 0.00005 1.14221
8.82000 -0.01199 -1.51814 1.15237 0.00071 1.15308
8.83000 -0.02720 -1.52367 1.16078 0.00363 1.16441
8.84000 -0.04246 -1.52795 1.16731 0.00884 1.17615
8.85000 -0.05776 -1.53094 1.17189 0.01636 1.18825
8.86000 -0.07307 -1.53261 1.17445 0.02618 1.20063
8.87000 -0.08840 -1.53293 1.17494 0.03831 1.21325
8.88000 -0.10373 -1.53187 1.17331 0.05273 1.22603
8.89000 -0.11904 -1.52938 1.16950 0.06942 1.23892
8.90000 -0.13431 -1.52545 1.16350 0.08835 1.25185
8.91000 -0.14954 -1.52005 1.15527 0.10948 1.26476
8.92000 -0.16471 -1.51315 1.14480 0.13276 1.27757
8.93000 -0.17980 -1.50472 1.13209 0.15814 1.29023
8.94000 -0.19480 -1.49474 1.11713 0.18554 1.30267
8.95000 -0.20969 -1.48320 1.09995 0.21488 1.31483
8.96000 -0.22446 -1.47008 1.08057 0.24608 1.32665
8.97000 -0.23908 -1.45536 1.05903 0.27904 1.33807
8.98000 -0.25356 -1.43902 1.03539 0.31366 1.34905
8.99000 -0.26786 -1.42106 1.00971 0.34983 1.35954
9.00000 -0.28197 -1.40148 0.98207 0.38741 1.36948
9.01000 -0.29588 -1.38025 0.95255 0.42629 1.37884
9.02000 -0.30957 -1.35739 0.92126 0.46633 1.38759
9.03000 -0.32303 -1.33290 0.88831 0.50738 1.39568
9.04000 -0.33622 -1.30677 0.85382 0.54929 1.40311
9.05000 -0.34916 -1.27901 0.81793 0.59191 1.40985
9.06000 -0.36180 -1.24963 0.78079 0.63509 1.41588
9.07000 -0.37414 -1.21865 0.74256 0.67864 1.42120
9.08000 -0.38617 -1.18608 0.70340 0.72241 1.42581
9.09000 -0.39786 -1.15194 0.66349 0.76623 1.42972
9.10000 -0.40920 -1.11625 0.62301 0.80992 1.43293
9.11000 -0.42018 -1.07903 0.58216 0.85331 1.43547
9.12000 -0.43078 -1.04032 0.54113 0.89622 1.43736
9.13000 -0.44098 -1.00014 0.50014 0.93849 1.43862
9.14000 -0.45077 -0.95852 0.45938 0.97992 1.43930
9.15000 -0.46015 -0.91550 0.41907 1.02036 1.43943
9.16000 -0.46908 -0.87113 0.37943 1.05963 1.43906
9.17000 -0.47756 -0.82544 0.34067 1.09757 1.43824
9.18000 -0.48558 -0.77847 0.30301 1.13401 1.43702
9.19000 -0.49313 -0.73029 0.26666 1.16880 1.43546
9.20000 -0.50019 -0.68092 0.23183 1.20179 1.43362
9.21000 -0.50674 -0.63044 0.19873 1.23283 1.43156
9.22000 -0.51279 -0.57889 0.16756 1.26178 1.42934
9.23000 -0.51832 -0.52633 0.13851 1.28851 1.42702
9.24000 -0.52332 -0.47283 0.11178 1.31290 1.42468
9.25000 -0.52777 -0.41844 0.08755 1.33484 1.42238
9.26000 -0.53168 -0.36323 0.06597 1.35421 1.42018
9.27000 -0.53503 -0.30727 0.04721 1.37094 1.41814
9.28000 -0.53782 -0.25063 0.03141 1.38492 1.41633
9.29000 -0.54004 -0.19337 0.01870 1.39610 1.41480
9.30000 -0.54169 -0.13557 0.00919 1.40441 1.41360
9.31000 -0.54275 -0.07731 0.00299 1.40980 1.41279
9.32000 -0.54324 -0.01867 0.00017 1.41224 1.41241
9.33000 -0.54313 0.04029 0.00081 1.41169 1.41250
9.34000 -0.54243 0.09948 0.00495 1.40815 1.41310
9.35000 -0.54114 0.15881 0.01261 1.40162 1.41423
9.36000 -0.53925 0.21822 0.02381 1.39211 1.41592
9.37000 -0.53677 0.27761 0.03853 1.37964 1.41818
9.38000 -0.53370 0.33689 0.05675 1.36427 1.42102
9.39000 -0.53004 0.39600 0.07841 1.34604 1.42445
9.40000 -0.52578 0.45483 0.10344 1.32502 1.42845
9.41000 -0.52094 0.51331 0.13174 1.30128 1.43302
9.42000 -0.51552 0.57134 0.16322 1.27492 1.43814
9.43000 -0.50951 0.62885 0.19773 1.24605 1.44378
9.44000 -0.50294 0.68575 0.23512 1.21479 1.44991
9.45000 -0.49580 0.74194 0.27524 1.18125 1.45649
9.46000 -0.48811 0.79734 0.31788 1.14558 1.46346
9.47000 -0.47986 0.85188 0.36285 1.10794 1.47079
9.48000 -0.47107 0.90546 0.40993 1.06848 1.47840
9.49000 -0.46175 0.95800 0.45888 1.02737 1.48625
9.50000 -0.45191 1.00941 0.50946 0.98480 1.49426
9.51000 -0.44157 1.05963 0.56140 0.94095 1.50235
9.52000 -0.43073 1.10856 0.61445 0.89602 1.51047
9.53000 -0.41940 1.15613 0.66831 0.85021 1.51852
9.54000 -0.40761 1.20226 0.72271 0.80372 1.52643
9.55000 -0.39536 1.24688 0.77736 0.75677 1.53413
9.56000 -0.38268 1.28992 0.83195 0.70957 1.54152
9.57000 -0.36957 1.33131 0.88620 0.66234 1.54854
9.58000 -0.35606 1.37099 0.93980 0.61529 1.55509
9.59000 -0.34216 1.40888 0.99247 0.56865 1.56112
9.60000 -0.32788 1.44493 1.04391 0.52262 1.56653
9.61000 -0.31326 1.47908 1.09384 0.47742 1.57126
9.62000 -0.29831 1.51128 1.14199 0.43326 1.57525
9.63000 -0.28304 1.54149 1.18809 0.39034 1.57843
9.64000 -0.26749 1.56964 1.23189 0.34886 1.58075
9.65000 -0.25166 1.59571 1.27314 0.30901 1.58215
9.66000 -0.23558 1.61965 1.31163 0.27096 1.58259
9.67000 -0.21927 1.64143 1.34714 0.23489 1.58203
9.68000 -0.20276 1.66102 1.37949 0.20096 1.58045
9.69000 -0.18606 1.67840 1.40851 0.16931 1.57782
9.70000 -0.16920 1.69354 1.43404 0.14008 1.57412
9.71000 -0.15220 1.70643 1.45596 0.11340 1.56936
9.72000 -0.13508 1.71707 1.47416 0.08936 1.56352
9.73000 -0.11786 1.72544 1.48857 0.06806 1.55662
9.74000 -0.10058 1.73154 1.49911 0.04957 1.54868
9.75000 -0.08324 1.73537 1.50576 0.03397 1.53973
9.76000 -0.06588 1.73695 1.50850 0.02128 1.52978
9.77000 -0.04851 1.73629 1.50735 0.01154 1.51889
9.78000 -0.03116 1.73340 1.50234 0.00476 1.50710
9.79000 -0.01385 1.72831 1.49353 0.00094 1.49447
9.80000 0.00340 1.72104 1.48100 0.00006 1.48105
9.81000 0.02057 1.71163 1.46484 0.00207 1.46691
9.82000 0.03763 1.70010 1.44518 0.00694 1.45212
9.83000 0.05456 1.68651 1.42215 0.01460 1.43675
9.84000 0.07135 1.67088 1.39592 0.02496 1.42088
9.85000 0.08797 1.65328 1.36666 0.03794 1.40460
9.86000 0.10441 1.63374 1.33455 0.05342 1.38797
9.87000 0.12064 1.61233 1.29980 0.07130 1.37110
9.88000 0.13665 1.58909 1.26261 0.09145 1.35406
9.89000 0.15242 1.56410 1.22320 0.11373 1.33693
9.90000 0.16793 1.53741 1.18182 0.13799 1.31981
9.91000 0.18316 1.50909 1.13868 0.16409 1.30277
9.92000 0.19810 1.47921 1.09403 0.19187 1.28590
9.93000 0.21274 1.44783 1.04811 0.22116 1.26926
9.94000 0.22706 1.41503 1.00116 0.25179 1.25295
9.95000 0.24104 1.38088 0.95342 0.28360 1.23702
9.96000 0.25467 1.34546 0.90513 0.31640 1.22154
9.97000 0.26794 1.30884 0.85653 0.35004 1.20657
9.98000 0.28084 1.27109 0.80784 0.38433 1.19217
9.99000 0.29336 1.23230 0.75929 0.41911 1.17839
