# t theta omega E_kin E_pot E_tot
0.00000 0.78540 0.10000 0.00500 2.87328 2.87828
0.01000 0.78610 0.04053 0.00082 2.87816 2.87898
0.02000 0.78621 -0.01890 0.00018 2.87891 2.87909
0.03000 0.78572 -0.07827 0.00306 2.87554 2.87860
0.04000 0.78464 -0.13752 0.00946 2.86805 2.87751
0.05000 0.78297 -0.19662 0.01933 2.85648 2.87581
0.06000 0.78071 -0.25553 0.03265 2.84085 2.87350
0.07000 0.77786 -0.31422 0.04937 2.82121 2.87058
0.08000 0.77443 -0.37263 0.06943 2.79761 2.86704
0.09000 0.77041 -0.43073 0.09276 2.77011 2.86287
0.10000 0.76582 -0.48847 0.11930 2.73878 2.85808
0.11000 0.76064 -0.54583 0.14896 2.70371 2.85267
0.12000 0.75490 -0.60275 0.18165 2.66499 2.84664
0.13000 0.74859 -0.65919 0.21727 2.62271 2.83998
0.14000 0.74172 -0.71512 0.25570 2.57700 2.83270
0.15000 0.73429 -0.77049 0.29682 2.52797 2.82479
0.16000 0.72631 -0.82525 0.34052 2.47575 2.81627
0.17000 0.71779 -0.87938 0.38665 2.42049 2.80714
0.18000 0.70873 -0.93281 0.43507 2.36233 2.79739
0.19000 0.69913 -0.98552 0.48562 2.30142 2.78705
0.20000 0.68902 -1.03745 0.53815 2.23795 2.77610
0.21000 0.67839 -1.08857 0.59249 2.17207 2.76456
0.22000 0.66725 -1.13882 0.64846 2.10398 2.75244
0.23000 0.65561 -1.18817 0.70588 2.03387 2.73974
0.24000 0.64349 -1.23657 0.76455 1.96193 2.72648
0.25000 0.63089 -1.28397 0.82430 1.88837 2.71267
0.26000 0.61781 -1.33034 0.88490 1.81340 2.69831
0.27000 0.60428 -1.37562 0.94617 1.73725 2.68342
0.28000 0.59030 -1.41977 1.00788 1.66013 2.66801
0.29000 0.57589 -1.46275 1.06982 1.58228 2.65210
0.30000 0.56105 -1.50452 1.13178 1.50392 2.63570
0.31000 0.54580 -1.54502 1.19354 1.42529 2.61883
0.32000 0.53016 -1.58421 1.25487 1.34664 2.60151
0.33000 0.51412 -1.62206 1.31554 1.26820 2.58374
0.34000 0.49772 -1.65852 1.37534 1.19022 2.56556
0.35000 0.48096 -1.69355 1.43405 1.11293 2.54698
0.36000 0.46385 -1.72710 1.49144 1.03658 2.52801
0.37000 0.44642 -1.75914 1.54729 0.96140 2.50869
0.38000 0.42868 -1.78963 1.60139 0.88764 2.48903
0.39000 0.41063 -1.81853 1.65352 0.81553 2.46905
0.40000 0.39231 -1.84580 1.70350 0.74529 2.44878
0.41000 0.37372 -1.87142 1.75110 0.67714 2.42825
0.42000 0.35489 -1.89534 1.79615 0.61131 2.40746
0.43000 0.33582 -1.91753 1.83846 0.54799 2.38646
0.44000 0.31654 -1.93797 1.87786 0.48739 2.36526
0.45000 0.29707 -1.95663 1.91419 0.42969 2.34389
0.46000 0.27742 -1.97347 1.94729 0.37508 2.32237
0.47000 0.25761 -1.98848 1.97703 0.32370 2.30074
0.48000 0.23765 -2.00164 2.00328 0.27573 2.27902
0.49000 0.21758 -2.01292 2.02593 0.23129 2.25723
0.50000 0.19740 -2.02232 2.04488 0.19052 2.23540
0.51000 0.17714 -2.02980 2.06005 0.15351 2.21356
0.52000 0.15681 -2.03537 2.07137 0.12037 2.19174
0.53000 0.13644 -2.03901 2.07879 0.09117 2.16996
0.54000 0.11604 -2.04072 2.08227 0.06597 2.14825
0.55000 0.09563 -2.04049 2.08181 0.04482 2.12663
0.56000 0.07524 -2.03833 2.07739 0.02775 2.10514
0.57000 0.05487 -2.03422 2.06903 0.01476 2.08379
0.58000 0.03456 -2.02818 2.05676 0.00586 2.06262
0.59000 0.01431 -2.02022 2.04064 0.00100 2.04164
0.60000 -0.00584 -2.01033 2.02072 0.00017 2.02089
0.61000 -0.02589 -1.99855 1.99709 0.00329 2.00038
0.62000 -0.04581 -1.98487 1.96986 0.01029 1.98015
0.63000 -0.06558 -1.96932 1.93911 0.02109 1.96020
0.64000 -0.08519 -1.95192 1.90500 0.03557 1.94057
0.65000 -0.10461 -1.93269 1.86765 0.05363 1.92128
0.66000 -0.12383 -1.91166 1.82721 0.07512 1.90233
0.67000 -0.14284 -1.88884 1.78386 0.09990 1.88377
0.68000 -0.16160 -1.86428 1.73777 0.12782 1.86559
0.69000 -0.18012 -1.83800 1.68913 0.15870 1.84783
0.70000 -0.19836 -1.81004 1.63813 0.19236 1.83049
0.71000 -0.21631 -1.78044 1.58498 0.22862 1.81360
0.72000 -0.23396 -1.74922 1.52988 0.26727 1.79715
0.73000 -0.25129 -1.71643 1.47307 0.30811 1.78118
0.74000 -0.26829 -1.68211 1.41475 0.35094 1.76568
0.75000 -0.28493 -1.64630 1.35516 0.39552 1.75068
0.76000 -0.30121 -1.60905 1.29452 0.44166 1.73617
0.77000 -0.31711 -1.57039 1.23307 0.48911 1.72218
0.78000 -0.33261 -1.53039 1.17104 0.53765 1.70870
0.79000 -0.34771 -1.48907 1.10866 0.58707 1.69574
0.80000 -0.36239 -1.44649 1.04617 0.63713 1.68330
0.81000 -0.37663 -1.40270 0.98379 0.68761 1.67140
0.82000 -0.39044 -1.35775 0.92175 0.73828 1.66002
0.83000 -0.40379 -1.31169 0.86026 0.78892 1.64918
0.84000 -0.41667 -1.26456 0.79956 0.83932 1.63888
0.85000 -0.42907 -1.21642 0.73984 0.88926 1.62910
0.86000 -0.44099 -1.16732 0.68132 0.93854 1.61986
0.87000 -0.45242 -1.11731 0.62419 0.98695 1.61115
0.88000 -0.46334 -1.06644 0.56865 1.03431 1.60295
0.89000 -0.47374 -1.01476 0.51487 1.08041 1.59528
0.90000 -0.48363 -0.96233 0.46304 1.12508 1.58812
0.91000 -0.49299 -0.90919 0.41331 1.16815 1.58146
0.92000 -0.50181 -0.85540 0.36585 1.20945 1.57530
0.93000 -0.51009 -0.80101 0.32081 1.24882 1.56963
0.94000 -0.51783 -0.74606 0.27830 1.28613 1.56444
0.95000 -0.52501 -0.69062 0.23848 1.32124 1.55971
0.96000 -0.53164 -0.63472 0.20144 1.35401 1.55545
0.97000 -0.53771 -0.57843 0.16729 1.38433 1.55162
0.98000 -0.54321 -0.52179 0.13613 1.41210 1.54823
0.99000 -0.54814 -0.46485 0.10804 1.43722 1.54526
1.00000 -0.55250 -0.40766 0.08309 1.45960 1.54269
1.01000 -0.55629 -0.35028 0.06135 1.47917 1.54052
1.02000 -0.55951 -0.29274 0.04285 1.49587 1.53872
1.03000 -0.56215 -0.23510 0.02764 1.50964 1.53728
1.04000 -0.56421 -0.17741 0.01574 1.52044 1.53618
1.05000 -0.56570 -0.11972 0.00717 1.52825 1.53541
1.06000 -0.56661 -0.06207 0.00193 1.53303 1.53496
1.07000 -0.56694 -0.00452 0.00001 1.53478 1.53479
1.08000 -0.56670 0.05289 0.00140 1.53351 1.53491
1.09000 -0.56588 0.11011 0.00606 1.52922 1.53528
1.10000 -0.56449 0.16710 0.01396 1.52193 1.53589
1.11000 -0.56254 0.22380 0.02504 1.51169 1.53673
1.12000 -0.56002 0.28017 0.03925 1.49853 1.53778
1.13000 -0.55694 0.33616 0.05650 1.48251 1.53901
1.14000 -0.55330 0.39172 0.07672 1.46369 1.54041
1.15000 -0.54911 0.44681 0.09982 1.44215 1.54197
1.16000 -0.54436 0.50139 0.12569 1.41797 1.54366
1.17000 -0.53908 0.55539 0.15423 1.39124 1.54547
1.18000 -0.53326 0.60878 0.18531 1.36206 1.54737
1.19000 -0.52691 0.66151 0.21880 1.33056 1.54936
1.20000 -0.52003 0.71354 0.25457 1.29684 1.55141
1.21000 -0.51264 0.76481 0.29247 1.26104 1.55350
1.22000 -0.50474 0.81528 0.33234 1.22329 1.55563
1.23000 -0.49633 0.86491 0.37404 1.18373 1.55777
1.24000 -0.48744 0.91366 0.41738 1.14253 1.55991
1.25000 -0.47806 0.96146 0.46220 1.09983 1.56203
1.26000 -0.46822 1.00829 0.50832 1.05580 1.56412
1.27000 -0.45790 1.05409 0.55555 1.01061 1.56616
1.28000 -0.44714 1.09882 0.60371 0.96443 1.56814
1.29000 -0.43593 1.14245 0.65259 0.91745 1.57004
1.30000 -0.42429 1.18491 0.70201 0.86985 1.57186
1.31000 -0.41224 1.22618 0.75176 0.82181 1.57357
1.32000 -0.39977 1.26621 0.80165 0.77352 1.57517
1.33000 -0.38692 1.30496 0.85147 0.72518 1.57665
1.34000 -0.37368 1.34239 0.90101 0.67698 1.57799
1.35000 -0.36007 1.37846 0.95008 0.62910 1.57918
1.36000 -0.34611 1.41313 0.99847 0.58175 1.58022
1.37000 -0.33181 1.44637 1.04599 0.53511 1.58110
1.38000 -0.31719 1.47813 1.09244 0.48937 1.58180
1.39000 -0.30226 1.50839 1.13762 0.44471 1.58233
1.40000 -0.28703 1.53710 1.18134 0.40133 1.58268
1.41000 -0.27152 1.56425 1.22343 0.35939 1.58283
1.42000 -0.25575 1.58979 1.26371 0.31908 1.58279
1.43000 -0.23973 1.61370 1.30201 0.28054 1.58255
1.44000 -0.22348 1.63594 1.33816 0.24395 1.58211
1.45000 -0.20702 1.65651 1.37201 0.20946 1.58146
1.46000 -0.19036 1.67536 1.40342 0.17720 1.58061
1.47000 -0.17351 1.69248 1.43225 0.14731 1.57955
1.48000 -0.15651 1.70785 1.45838 0.11991 1.57829
1.49000 -0.13936 1.72146 1.48171 0.09511 1.57682
1.50000 -0.12209 1.73328 1.50212 0.07302 1.57514
1.51000 -0.10470 1.74330 1.51954 0.05372 1.57326
1.52000 -0.08723 1.75151 1.53389 0.03730 1.57118
1.53000 -0.06968 1.75790 1.54510 0.02381 1.56891
1.54000 -0.05208 1.76246 1.55314 0.01330 1.56644
1.55000 -0.03444 1.76520 1.55797 0.00582 1.56378
1.56000 -0.01678 1.76610 1.55956 0.00138 1.56094
1.57000 0.00088 1.76518 1.55792 0.00000 1.55793
1.58000 0.01852 1.76242 1.55306 0.00168 1.55474
1.59000 0.03612 1.75784 1.54499 0.00640 1.55139
1.60000 0.05367 1.75144 1.53376 0.01412 1.54789
1.61000 0.07114 1.74323 1.51942 0.02482 1.54424
1.62000 0.08853 1.73322 1.50203 0.03842 1.54045
1.63000 0.10580 1.72144 1.48167 0.05486 1.53653
1.64000 0.12295 1.70788 1.45843 0.07405 1.53249
1.65000 0.13995 1.69258 1.43242 0.09592 1.52834
1.66000 0.15680 1.67555 1.40374 0.12034 1.52408
1.67000 0.17346 1.65682 1.37252 0.14721 1.51974
1.68000 0.18993 1.63640 1.33891 0.17640 1.51531
1.69000 0.20618 1.61434 1.30304 0.20778 1.51082
1.70000 0.22221 1.59064 1.26507 0.24120 1.50627
1.71000 0.23799 1.56535 1.22516 0.27651 1.50166
1.72000 0.25351 1.53849 1.18348 0.31355 1.49702
1.73000 0.26875 1.51010 1.14020 0.35216 1.49236
1.74000 0.28371 1.48021 1.09552 0.39216 1.48768
1.75000 0.29835 1.44887 1.04961 0.43339 1.48300
1.76000 0.31268 1.41609 1.00266 0.47566 1.47832
1.77000 0.32667 1.38193 0.95487 0.51879 1.47366
1.78000 0.34031 1.34642 0.90643 0.56261 1.46903
1.79000 0.35360 1.30961 0.85754 0.60691 1.46445
1.80000 0.36650 1.27153 0.80840 0.65152 1.45991
1.81000 0.37902 1.23223 0.75919 0.69625 1.45544
1.82000 0.39114 1.19175 0.71013 0.74091 1.45104
1.83000 0.40285 1.15013 0.66140 0.78533 1.44672
1.84000 0.41414 1.10742 0.61318 0.82932 1.44250
1.85000 0.42500 1.06366 0.56568 0.87270 1.43838
1.86000 0.43541 1.01889 0.51907 0.91531 1.43438
1.87000 0.44537 0.97318 0.47354 0.95696 1.43050
1.88000 0.45487 0.92655 0.42924 0.99751 1.42675
1.89000 0.46390 0.87905 0.38637 1.03678 1.42315
1.90000 0.47245 0.83074 0.34506 1.07463 1.41969
1.91000 0.48051 0.78166 0.30549 1.11090 1.41640
1.92000 0.48808 0.73185 0.26780 1.14547 1.41327
1.93000 0.49515 0.68136 0.23213 1.17820 1.41032
1.94000 0.50171 0.63024 0.19860 1.20895 1.40756
1.95000 0.50775 0.57854 0.16736 1.23763 1.40498
1.96000 0.51328 0.52630 0.13850 1.26411 1.40261
1.97000 0.51828 0.47358 0.11214 1.28830 1.40043
1.98000 0.52275 0.42040 0.08837 1.31011 1.39848
1.99000 0.52668 0.36684 0.06728 1.32945 1.39674
2.00000 0.53008 0.31292 0.04896 1.34626 1.39522
2.01000 0.53294 0.25870 0.03346 1.36048 1.39394
2.02000 0.53525 0.20423 0.02086 1.37204 1.39289
2.03000 0.53702 0.14955 0.01118 1.38090 1.39208
2.04000 0.53824 0.09471 0.00449 1.38704 1.39152
2.05000 0.53892 0.03976 0.00079 1.39042 1.39121
2.06000 0.53904 -0.01526 0.00012 1.39104 1.39115
2.07000 0.53861 -0.07031 0.00247 1.38888 1.39136
2.08000 0.53763 -0.12532 0.00785 1.38397 1.39182
2.09000 0.53611 -0.18026 0.01625 1.37630 1.39255
2.10000 0.53403 -0.23509 0.02763 1.36591 1.39354
2.11000 0.53140 -0.28974 0.04198 1.35284 1.39481
2.12000 0.52823 -0.34418 0.05923 1.33712 1.39635
2.13000 0.52452 -0.39837 0.07935 1.31882 1.39817
2.14000 0.52027 -0.45224 0.10226 1.29800 1.40026
2.15000 0.51548 -0.50576 0.12790 1.27474 1.40263
2.16000 0.51015 -0.55888 0.15617 1.24912 1.40529
2.17000 0.50430 -0.61155 0.18699 1.22123 1.40822
2.18000 0.49793 -0.66372 0.22026 1.19118 1.41144
2.19000 0.49103 -0.71535 0.25586 1.15907 1.41494
2.20000 0.48362 -0.76640 0.29368 1.12504 1.41872
2.21000 0.47570 -0.81680 0.33358 1.08920 1.42278
2.22000 0.46729 -0.86653 0.37544 1.05169 1.42713
2.23000 0.45838 -0.91553 0.41910 1.01266 1.43176
2.24000 0.44898 -0.96375 0.46441 0.97226 1.43667
2.25000 0.43910 -1.01115 0.51121 0.93064 1.44186
2.26000 0.42876 -1.05769 0.55935 0.88797 1.44732
2.27000 0.41795 -1.10331 0.60864 0.84443 1.45307
2.28000 0.40670 -1.14797 0.65892 0.80017 1.45909
2.29000 0.39500 -1.19163 0.71000 0.75539 1.46539
2.30000 0.38287 -1.23425 0.76169 0.71027 1.47195
2.31000 0.37031 -1.27577 0.81380 0.66499 1.47879
2.32000 0.35735 -1.31616 0.86614 0.61974 1.48589
2.33000 0.34400 -1.35538 0.91853 0.57472 1.49325
2.34000 0.33025 -1.39338 0.97075 0.53012 1.50087
2.35000 0.31613 -1.43011 1.02261 0.48613 1.50875
2.36000 0.30165 -1.46555 1.07392 0.44295 1.51688
2.37000 0.28683 -1.49966 1.12448 0.40077 1.52525
2.38000 0.27166 -1.53238 1.17410 0.35978 1.53388
2.39000 0.25618 -1.56370 1.22258 0.32016 1.54274
2.40000 0.24040 -1.59357 1.26974 0.28210 1.55183
2.41000 0.22432 -1.62196 1.31538 0.24578 1.56116
2.42000 0.20796 -1.64884 1.35934 0.21137 1.57071
2.43000 0.19134 -1.67418 1.40144 0.17904 1.58048
2.44000 0.17448 -1.69794 1.44151 0.14895 1.59046
2.45000 0.15739 -1.72011 1.47939 0.12126 1.60065
2.46000 0.14009 -1.74065 1.51494 0.09610 1.61104
2.47000 0.12258 -1.75955 1.54801 0.07361 1.62162
2.48000 0.10490 -1.77678 1.57847 0.05393 1.63239
2.49000 0.08705 -1.79231 1.60619 0.03715 1.64334
2.50000 0.06906 -1.80615 1.63108 0.02338 1.65447
2.51000 0.05094 -1.81826 1.65303 0.01272 1.66575
2.52000 0.03270 -1.82864 1.67196 0.00524 1.67720
2.53000 0.01437 -1.83727 1.68778 0.00101 1.68880
2.54000 -0.00404 -1.84415 1.70045 0.00008 1.70053
2.55000 -0.02251 -1.84928 1.70991 0.00248 1.71240
2.56000 -0.04102 -1.85264 1.71614 0.00825 1.72439
2.57000 -0.05955 -1.85424 1.71910 0.01739 1.73649
2.58000 -0.07810 -1.85407 1.71880 0.02990 1.74870
2.59000 -0.09663 -1.85215 1.71523 0.04576 1.76100
2.60000 -0.11514 -1.84848 1.70843 0.06495 1.77338
2.61000 -0.13359 -1.84306 1.69843 0.08741 1.78584
2.62000 -0.15199 -1.83590 1.68527 0.11309 1.79836
2.63000 -0.17031 -1.82702 1.66901 0.14192 1.81093
2.64000 -0.18853 -1.81644 1.64973 0.17382 1.82354
2.65000 -0.20663 -1.80416 1.62750 0.20868 1.83618
2.66000 -0.22460 -1.79022 1.60244 0.24640 1.84884
2.67000 -0.24243 -1.77462 1.57464 0.28687 1.86150
2.68000 -0.26009 -1.75739 1.54421 0.32994 1.87415
2.69000 -0.27757 -1.73856 1.51130 0.37549 1.88679
2.70000 -0.29486 -1.71816 1.47603 0.42336 1.89939
2.71000 -0.31193 -1.69620 1.43855 0.47340 1.91195
2.72000 -0.32877 -1.67273 1.39901 0.52544 1.92445
2.73000 -0.34538 -1.64777 1.35757 0.57931 1.93687
2.74000 -0.36173 -1.62135 1.31439 0.63483 1.94921
2.75000 -0.37780 -1.59351 1.26964 0.69182 1.96146
2.76000 -0.39359 -1.56429 1.22350 0.75009 1.97359
2.77000 -0.40908 -1.53371 1.17614 0.80946 1.98559
2.78000 -0.42426 -1.50182 1.12774 0.86972 1.99746
2.79000 -0.43911 -1.46866 1.07848 0.93069 2.00917
2.80000 -0.45363 -1.43426 1.02856 0.99216 2.02072
2.81000 -0.46780 -1.39867 0.97814 1.05394 2.03208
2.82000 -0.48160 -1.36192 0.92741 1.11584 2.04325
2.83000 -0.49503 -1.32406 0.87656 1.17765 2.05421
2.84000 -0.50808 -1.28512 0.82576 1.23918 2.06495
2.85000 -0.52073 -1.24515 0.77519 1.30025 2.07544
2.86000 -0.53298 -1.20418 0.72503 1.36066 2.08569
2.87000 -0.54481 -1.16227 0.67544 1.42023 2.09567
2.88000 -0.55622 -1.11946 0.62659 1.47878 2.10538
2.89000 -0.56720 -1.07578 0.57865 1.53614 2.11479
2.90000 -0.57773 -1.03128 0.53177 1.59213 2.12390
2.91000 -0.58782 -0.98600 0.48610 1.64659 2.13269
2.92000 -0.59745 -0.93999 0.44179 1.69936 2.14114
2.93000 -0.60662 -0.89328 0.39897 1.75028 2.14925
2.94000 -0.61531 -0.84592 0.35779 1.79922 2.15701
2.95000 -0.62353 -0.79794 0.31836 1.84604 2.16440
2.96000 -0.63127 -0.74940 0.28080 1.89060 2.17140
2.97000 -0.63852 -0.70034 0.24524 1.93277 2.17801
2.98000 -0.64527 -0.65079 0.21176 1.97245 2.18422
2.99000 -0.65153 -0.60079 0.18048 2.00953 2.19001
3.00000 -0.65729 -0.55039 0.15147 2.04390 2.19537
3.01000 -0.66254 -0.49963 0.12482 2.07548 2.20029
3.02000 -0.66728 -0.44855 0.10060 2.10417 2.20477
3.03000 -0.67151 -0.39718 0.07888 2.12992 2.20879
3.04000 -0.67522 -0.34557 0.05971 2.15264 2.21235
3.05000 -0.67842 -0.29376 0.04315 2.17228 2.21543
3.06000 -0.68110 -0.24179 0.02923 2.18879 2.21802
3.07000 -0.68326 -0.18969 0.01799 2.20214 2.22013
3.08000 -0.68489 -0.13750 0.00945 2.21228 2.22173
3.09000 -0.68601 -0.08527 0.00364 2.21920 2.22283
3.10000 -0.68660 -0.03304 0.00055 2.22287 2.22342
3.11000 -0.68667 0.01917 0.00018 2.22330 2.22349
3.12000 -0.68621 0.07131 0.00254 2.22049 2.22303
3.13000 -0.68524 0.12333 0.00761 2.21444 2.22205
3.14000 -0.68375 0.17522 0.01535 2.20518 2.22054
3.15000 -0.68174 0.22691 0.02574 2.19274 2.21848
3.16000 -0.67921 0.27838 0.03875 2.17714 2.21589
3.17000 -0.67617 0.32959 0.05432 2.15845 2.21276
3.18000 -0.67262 0.38050 0.07239 2.13669 2.20909
3.19000 -0.66856 0.43107 0.09291 2.11195 2.20487
3.20000 -0.66400 0.48127 0.11581 2.08429 2.20010
3.21000 -0.65894 0.53105 0.14100 2.05379 2.19480
3.22000 -0.65338 0.58037 0.16841 2.02053 2.18894
3.23000 -0.64733 0.62920 0.19795 1.98461 2.18255
3.24000 -0.64080 0.67750 0.22950 1.94612 2.17562
3.25000 -0.63378 0.72522 0.26297 1.90518 2.16815
3.26000 -0.62630 0.77234 0.29825 1.86189 2.16015
3.27000 -0.61834 0.81881 0.33522 1.81640 2.15162
3.28000 -0.60992 0.86459 0.37376 1.76881 2.14257
3.29000 -0.60105 0.90964 0.41372 1.71928 2.13300
3.30000 -0.59173 0.95393 0.45499 1.66793 2.12292
3.31000 -0.58197 0.99741 0.49741 1.61493 2.11234
3.32000 -0.57179 1.04005 0.54085 1.56042 2.10127
3.33000 -0.56118 1.08180 0.58515 1.50456 2.08971
3.34000 -0.55015 1.12264 0.63016 1.44752 2.07768
3.35000 -0.53873 1.16252 0.67572 1.38946 2.06518
3.36000 -0.52691 1.20139 0.72167 1.33056 2.05223
3.37000 -0.51470 1.23924 0.76785 1.27099 2.03884
3.38000 -0.50212 1.27601 0.81410 1.21093 2.02503
3.39000 -0.48919 1.31167 0.86024 1.15056 2.01079
3.40000 -0.47590 1.34618 0.90610 1.09006 1.99616
3.41000 -0.46227 1.37951 0.95153 1.02962 1.98114
3.42000 -0.44831 1.41163 0.99635 0.96941 1.96576
3.43000 -0.43404 1.44249 1.04039 0.90963 1.95002
3.44000 -0.41946 1.47207 1.08349 0.85045 1.93394
3.45000 -0.40460 1.50033 1.12549 0.79206 1.91755
3.46000 -0.38946 1.52723 1.16622 0.73464 1.90086
3.47000 -0.37406 1.55276 1.20553 0.67835 1.88388
3.48000 -0.35841 1.57688 1.24327 0.62337 1.86665
3.49000 -0.34253 1.59956 1.27929 0.56988 1.84917
3.50000 -0.32642 1.62077 1.31345 0.51802 1.83147
3.51000 -0.31012 1.64049 1.34561 0.46796 1.81356
3.52000 -0.29362 1.65870 1.37564 0.41984 1.79548
3.53000 -0.27695 1.67537 1.40343 0.37382 1.77724
3.54000 -0.26012 1.69048 1.42885 0.33001 1.75887
3.55000 -0.24314 1.70401 1.45182 0.28855 1.74037
3.56000 -0.22604 1.71594 1.47223 0.24956 1.72179
3.57000 -0.20883 1.72627 1.49000 0.21313 1.70313
3.58000 -0.19152 1.73497 1.50506 0.17937 1.68443
3.59000 -0.17414 1.74203 1.51734 0.14836 1.66570
3.60000 -0.15669 1.74745 1.52680 0.12018 1.64697
3.61000 -0.13919 1.75122 1.53338 0.09488 1.62826
3.62000 -0.12167 1.75332 1.53707 0.07252 1.60959
3.63000 -0.10413 1.75377 1.53785 0.05314 1.59099
3.64000 -0.08660 1.75255 1.53571 0.03676 1.57248
3.65000 -0.06909 1.74967 1.53067 0.02340 1.55407
3.66000 -0.05161 1.74512 1.52273 0.01306 1.53579
3.67000 -0.03419 1.73893 1.51194 0.00573 1.51767
3.68000 -0.01684 1.73108 1.49833 0.00139 1.49972
3.69000 0.00043 1.72160 1.48196 0.00000 1.48196
3.70000 0.01759 1.71049 1.46290 0.00152 1.46441
3.71000 0.03463 1.69777 1.44122 0.00588 1.44710
3.72000 0.05154 1.68346 1.41701 0.01303 1.43004
3.73000 0.06829 1.66756 1.39038 0.02287 1.41325
3.74000 0.08488 1.65010 1.36142 0.03532 1.39674
3.75000 0.10129 1.63111 1.33026 0.05028 1.38054
3.76000 0.11750 1.61060 1.29701 0.06764 1.36466
3.77000 0.13350 1.58860 1.26182 0.08729 1.34911
3.78000 0.14927 1.56514 1.22482 0.10909 1.33391
3.79000 0.16480 1.54024 1.18617 0.13291 1.31908
3.80000 0.18007 1.51394 1.14600 0.15861 1.30462
3.81000 0.19507 1.48626 1.10449 0.18606 1.29055
3.82000 0.20979 1.45725 1.06179 0.21509 1.27687
3.83000 0.22421 1.42693 1.01806 0.24555 1.26361
3.84000 0.23832 1.39534 0.97349 0.27728 1.25077
3.85000 0.25211 1.36252 0.92823 0.31012 1.23835
3.86000 0.26557 1.32850 0.88245 0.34391 1.22636
3.87000 0.27868 1.29332 0.83634 0.37848 1.21482
3.88000 0.29143 1.25703 0.79006 0.41366 1.20371
3.89000 0.30382 1.21966 0.74378 0.44928 1.19306
3.90000 0.31582 1.18125 0.69768 0.48519 1.18287
3.91000 0.32744 1.14185 0.65191 0.52121 1.17312
3.92000 0.33866 1.10150 0.60665 0.55719 1.16384
3.93000 0.34947 1.06024 0.56205 0.59296 1.15501
3.94000 0.35986 1.01811 0.51828 0.62836 1.14664
3.95000 0.36983 0.97517 0.47548 0.66325 1.13873
3.96000 0.37936 0.93145 0.43380 0.69747 1.13127
3.97000 0.38845 0.88700 0.39338 0.73088 1.12426
3.98000 0.39710 0.84186 0.35436 0.76334 1.11770
3.99000 0.40529 0.79608 0.31687 0.79471 1.11158
4.00000 0.41302 0.74970 0.28102 0.82488 1.10590
4.01000 0.42028 0.70277 0.24694 0.85371 1.10066
4.02000 0.42707 0.65533 0.21473 0.88110 1.09583
4.03000 0.43338 0.60744 0.18449 0.90694 1.09143
4.04000 0.43922 0.55913 0.15631 0.93112 1.08743
4.05000 0.44457 0.51045 0.13028 0.95356 1.08383
4.06000 0.44943 0.46144 0.10647 0.97416 1.08063
4.07000 0.45379 0.41216 0.08494 0.99286 1.07780
4.08000 0.45767 0.36264 0.06575 1.00959 1.07535
4.09000 0.46105 0.31294 0.04896 1.02428 1.07325
4.10000 0.46393 0.26309 0.03461 1.03689 1.07150
4.11000 0.46631 0.21314 0.02271 1.04737 1.07008
4.12000 0.46819 0.16313 0.01331 1.05568 1.06899
4.13000 0.46957 0.11312 0.00640 1.06180 1.06820
4.14000 0.47045 0.06314 0.00199 1.06572 1.06771
4.15000 0.47083 0.01324 0.00009 1.06742 1.06751
4.16000 0.47072 -0.03654 0.00067 1.06690 1.06757
4.17000 0.47010 -0.08615 0.00371 1.06417 1.06788
4.18000 0.46899 -0.13555 0.00919 1.05925 1.06844
4.19000 0.46739 -0.18470 0.01706 1.05216 1.06922
4.20000 0.46530 -0.23354 0.02727 1.04293 1.07021
4.21000 0.46272 -0.28205 0.03978 1.03162 1.07139
4.22000 0.45966 -0.33018 0.05451 1.01825 1.07276
4.23000 0.45612 -0.37788 0.07139 1.00290 1.07429
4.24000 0.45211 -0.42511 0.09036 0.98562 1.07597
4.25000 0.44762 -0.47182 0.11131 0.96648 1.07779
4.26000 0.44267 -0.51799 0.13416 0.94558 1.07973
4.27000 0.43726 -0.56356 0.15880 0.92298 1.08178
4.28000 0.43140 -0.60849 0.18513 0.89879 1.08392
4.29000 0.42509 -0.65275 0.21304 0.87309 1.08613
4.30000 0.41835 -0.69629 0.24241 0.84601 1.08841
4.31000 0.41117 -0.73907 0.27311 0.81763 1.09074
4.32000 0.40357 -0.78105 0.30502 0.78809 1.09310
4.33000 0.39555 -0.82219 0.33800 0.75749 1.09549
4.34000 0.38713 -0.86245 0.37191 0.72597 1.09788
4.35000 0.37831 -0.90180 0.40662 0.69365 1.10027
4.36000 0.36910 -0.94019 0.44198 0.66067 1.10265
4.37000 0.35951 -0.97759 0.47784 0.62715 1.10499
4.38000 0.34955 -1.01396 0.51406 0.59324 1.10730
4.39000 0.33923 -1.04927 0.55049 0.55906 1.10955
4.40000 0.32857 -1.08348 0.58696 0.52478 1.11174
4.41000 0.31757 -1.11655 0.62334 0.49052 1.11386
4.42000 0.30624 -1.14845 0.65947 0.45642 1.11589
4.43000 0.29460 -1.17916 0.69521 0.42263 1.11784
4.44000 0.28266 -1.20863 0.73039 0.38929 1.11968
4.45000 0.27043 -1.23683 0.76488 0.35654 1.12142
4.46000 0.25793 -1.26375 0.79853 0.32451 1.12304
4.47000 0.24516 -1.28934 0.83119 0.29334 1.12453
4.48000 0.23215 -1.31358 0.86274 0.26315 1.12590
4.49000 0.21889 -1.33645 0.89304 0.23409 1.12713
4.50000 0.20542 -1.35791 0.92197 0.20625 1.12822
4.51000 0.19174 -1.37796 0.94939 0.17978 1.12917
4.52000 0.17787 -1.39656 0.97519 0.15477 1.12996
4.53000 0.16381 -1.41370 0.99927 0.13133 1.13060
4.54000 0.14960 -1.42935 1.02152 0.10957 1.13109
4.55000 0.13523 -1.44351 1.04186 0.08957 1.13142
4.56000 0.12073 -1.45615 1.06018 0.07141 1.13159
4.57000 0.10611 -1.46726 1.07642 0.05518 1.13160
4.58000 0.09139 -1.47683 1.09051 0.04094 1.13145
4.59000 0.07658 -1.48485 1.10238 0.02875 1.13114
4.60000 0.06170 -1.49131 1.11200 0.01867 1.13067
4.61000 0.04676 -1.49620 1.11931 0.01072 1.13004
4.62000 0.03178 -1.49953 1.12429 0.00495 1.12925
4.63000 0.01678 -1.50128 1.12693 0.00138 1.12831
4.64000 0.00176 -1.50146 1.12720 0.00002 1.12721
4.65000 -0.01325 -1.50007 1.12511 0.00086 1.12597
4.66000 -0.02823 -1.49711 1.12067 0.00391 1.12458
4.67000 -0.04318 -1.49259 1.11391 0.00915 1.12306
4.68000 -0.05808 -1.48651 1.10485 0.01654 1.12139
4.69000 -0.07291 -1.47888 1.09354 0.02606 1.11960
4.70000 -0.08765 -1.46971 1.08002 0.03766 1.11768
4.71000 -0.10230 -1.45902 1.06436 0.05129 1.11565
4.72000 -0.11683 -1.44681 1.04663 0.06687 1.11350
4.73000 -0.13123 -1.43311 1.02690 0.08435 1.11124
4.74000 -0.14549 -1.41792 1.00525 0.10364 1.10889
4.75000 -0.15958 -1.40128 0.98179 0.12465 1.10644
4.76000 -0.17351 -1.38320 0.95662 0.14729 1.10391
4.77000 -0.18724 -1.36370 0.92984 0.17147 1.10130
4.78000 -0.20078 -1.34280 0.90156 0.19706 1.09862
4.79000 -0.21409 -1.32054 0.87192 0.22397 1.09588
4.80000 -0.22718 -1.29694 0.84102 0.25207 1.09309
4.81000 -0.24003 -1.27202 0.80901 0.28124 1.09025
4.82000 -0.25262 -1.24581 0.77602 0.31136 1.08738
4.83000 -0.26494 -1.21835 0.74219 0.34229 1.08448
4.84000 -0.27698 -1.18966 0.70765 0.37390 1.08155
4.85000 -0.28873 -1.15978 0.67255 0.40607 1.07862
4.86000 -0.30017 -1.12875 0.63703 0.43865 1.07568
4.87000 -0.31130 -1.09658 0.60125 0.47151 1.07275
4.88000 -0.32210 -1.06333 0.56534 0.50450 1.06984
4.89000 -0.33256 -1.02902 0.52944 0.53750 1.06695
4.90000 -0.34268 -0.99370 0.49372 0.57037 1.06409
4.91000 -0.35243 -0.95739 0.45830 0.60297 1.06127
4.92000 -0.36182 -0.92014 0.42333 0.63517 1.05850
4.93000 -0.37083 -0.88199 0.38895 0.66683 1.05579
4.94000 -0.37946 -0.84297 0.35530 0.69783 1.05314
4.95000 -0.38769 -0.80313 0.32251 0.72805 1.05056
4.96000 -0.39552 -0.76250 0.29070 0.75737 1.04807
4.97000 -0.40294 -0.72112 0.26001 0.78566 1.04566
4.98000 -0.40994 -0.67904 0.23055 0.81281 1.04336
4.99000 -0.41652 -0.63629 0.20243 0.83872 1.04115
5.00000 -0.42266 -0.59292 0.17578 0.86328 1.03906
5.01000 -0.42837 -0.54897 0.15068 0.88641 1.03709
5.02000 -0.43364 -0.50447 0.12725 0.90800 1.03524
5.03000 -0.43846 -0.45948 0.10556 0.92797 1.03353
5.04000 -0.44283 -0.41403 0.08571 0.94624 1.03195
5.05000 -0.44674 -0.36816 0.06777 0.96275 1.03052
5.06000 -0.45019 -0.32192 0.05181 0.97743 1.02924
5.07000 -0.45318 -0.27534 0.03791 0.99022 1.02812
5.08000 -0.45570 -0.22848 0.02610 1.00107 1.02717
5.09000 -0.45775 -0.18137 0.01645 1.00993 1.02638
5.10000 -0.45932 -0.13405 0.00898 1.01678 1.02577
5.11000 -0.46043 -0.08657 0.00375 1.02158 1.02533
5.12000 -0.46105 -0.03897 0.00076 1.02432 1.02508
5.13000 -0.46121 0.00871 0.00004 1.02498 1.02502
5.14000 -0.46088 0.05643 0.00159 1.02356 1.02515
5.15000 -0.46008 0.10414 0.00542 1.02006 1.02548
5.16000 -0.45880 0.15180 0.01152 1.01449 1.02602
5.17000 -0.45704 0.19937 0.01987 1.00688 1.02675
5.18000 -0.45481 0.24680 0.03046 0.99724 1.02770
5.19000 -0.45211 0.29406 0.04324 0.98562 1.02886
5.20000 -0.44893 0.34110 0.05818 0.97205 1.03023
5.21000 -0.44528 0.38789 0.07523 0.95659 1.03182
5.22000 -0.44117 0.43437 0.09434 0.93930 1.03363
5.23000 -0.43660 0.48050 0.11544 0.92023 1.03567
5.24000 -0.43156 0.52625 0.13847 0.89946 1.03793
5.25000 -0.42608 0.57158 0.16335 0.87706 1.04041
5.26000 -0.42013 0.61643 0.18999 0.85314 1.04313
5.27000 -0.41375 0.66077 0.21831 0.82776 1.04607
5.28000 -0.40692 0.70456 0.24820 0.80105 1.04925
5.29000 -0.39966 0.74775 0.27957 0.77309 1.05266
5.30000 -0.39197 0.79031 0.31230 0.74400 1.05630
5.31000 -0.38386 0.83219 0.34627 0.71390 1.06017
5.32000 -0.37533 0.87336 0.38138 0.68289 1.06428
5.33000 -0.36639 0.91378 0.41749 0.65112 1.06862
5.34000 -0.35705 0.95339 0.45448 0.61871 1.07319
5.35000 -0.34733 0.99217 0.49221 0.58579 1.07799
5.36000 -0.33721 1.03008 0.53054 0.55250 1.08303
5.37000 -0.32673 1.06708 0.56933 0.51897 1.08830
5.38000 -0.31587 1.10313 0.60845 0.48535 1.09380
5.39000 -0.30467 1.13820 0.64774 0.45178 1.09953
5.40000 -0.29311 1.17224 0.68707 0.41841 1.10548
5.41000 -0.28123 1.20522 0.72628 0.38538 1.11166
5.42000 -0.26901 1.23712 0.76523 0.35283 1.11806
5.43000 -0.25649 1.26788 0.80376 0.32091 1.12468
5.44000 -0.24366 1.29749 0.84174 0.28977 1.13152
5.45000 -0.23054 1.32591 0.87902 0.25955 1.13857
5.46000 -0.21715 1.35311 0.91546 0.23037 1.14583
5.47000 -0.20348 1.37907 0.95091 0.20239 1.15331
5.48000 -0.18957 1.40374 0.98524 0.17574 1.16098
5.49000 -0.17541 1.42711 1.01832 0.15054 1.16886
5.50000 -0.16103 1.44915 1.05002 0.12692 1.17693
5.51000 -0.14643 1.46983 1.08021 0.10499 1.18520
5.52000 -0.13164 1.48914 1.10877 0.08487 1.19365
5.53000 -0.11666 1.50705 1.13561 0.06668 1.20228
5.54000 -0.10150 1.52355 1.16060 0.05049 1.21109
5.55000 -0.08619 1.53861 1.18366 0.03642 1.22007
5.56000 -0.07073 1.55222 1.20469 0.02453 1.22922
5.57000 -0.05515 1.56436 1.22361 0.01492 1.23853
5.58000 -0.03945 1.57503 1.24035 0.00763 1.24799
5.59000 -0.02366 1.58420 1.25485 0.00274 1.25759
5.60000 -0.00777 1.59188 1.26704 0.00030 1.26734
5.61000 0.00818 1.59805 1.27689 0.00033 1.27721
5.62000 0.02418 1.60271 1.28435 0.00287 1.28721
5.63000 0.04023 1.60586 1.28940 0.00794 1.29733
5.64000 0.05629 1.60750 1.29202 0.01554 1.30756
5.65000 0.07237 1.60761 1.29221 0.02568 1.31789
5.66000 0.08844 1.60622 1.28997 0.03834 1.32831
5.67000 0.10449 1.60331 1.28531 0.05351 1.33881
5.68000 0.12050 1.59891 1.27825 0.07114 1.34939
5.69000 0.13646 1.59300 1.26883 0.09120 1.36003
5.70000 0.15236 1.58561 1.25709 0.11364 1.37073
5.71000 0.16817 1.57675 1.24307 0.13839 1.38147
5.72000 0.18389 1.56643 1.22685 0.16540 1.39225
5.73000 0.19950 1.55466 1.20848 0.19456 1.40305
5.74000 0.21498 1.54146 1.18805 0.22581 1.41386
5.75000 0.23032 1.52685 1.16564 0.25905 1.42468
5.76000 0.24551 1.51085 1.14133 0.29417 1.43550
5.77000 0.26053 1.49347 1.11523 0.33106 1.44629
5.78000 0.27537 1.47475 1.08745 0.36961 1.45705
5.79000 0.29002 1.45471 1.05808 0.40969 1.46778
5.80000 0.30446 1.43336 1.02726 0.45118 1.47844
5.81000 0.31869 1.41074 0.99510 0.49395 1.48905
5.82000 0.33267 1.38688 0.96171 0.53786 1.49957
5.83000 0.34642 1.36180 0.92725 0.58277 1.51001
5.84000 0.35991 1.33553 0.89182 0.62853 1.52035
5.85000 0.37313 1.30810 0.85557 0.67500 1.53057
5.86000 0.38606 1.27956 0.81863 0.72204 1.54067
5.87000 0.39871 1.24991 0.78114 0.76948 1.55063
5.88000 0.41106 1.21921 0.74324 0.81719 1.56043
5.89000 0.42309 1.18749 0.70506 0.86502 1.57008
5.90000 0.43481 1.15477 0.66674 0.91280 1.57955
5.91000 0.44619 1.12109 0.62842 0.96040 1.58883
5.92000 0.45722 1.08649 0.59023 1.00767 1.59791
5.93000 0.46791 1.05101 0.55231 1.05446 1.60677
5.94000 0.47824 1.01468 0.51479 1.10063 1.61542
5.95000 0.48820 0.97753 0.47778 1.14604 1.62382
5.96000 0.49779 0.93961 0.44143 1.19054 1.63198
5.97000 0.50699 0.90095 0.40585 1.23402 1.63987
5.98000 0.51581 0.86158 0.37116 1.27633 1.64749
5.99000 0.52422 0.82155 0.33747 1.31735 1.65483
6.00000 0.53224 0.78089 0.30490 1.35697 1.66187
6.01000 0.53984 0.73964 0.27353 1.39507 1.66860
6.02000 0.54703 0.69784 0.24349 1.43153 1.67501
6.03000 0.55379 0.65552 0.21485 1.46625 1.68110
6.04000 0.56014 0.61272 0.18771 1.49913 1.68684
6.05000 0.56605 0.56947 0.16215 1.53009 1.69224
6.06000 0.57152 0.52583 0.13825 1.55903 1.69727
6.07000 0.57656 0.48181 0.11607 1.58587 1.70194
6.08000 0.58116 0.43746 0.09569 1.61054 1.70622
6.09000 0.58531 0.39282 0.07716 1.63297 1.71012
6.10000 0.58901 0.34793 0.06053 1.65310 1.71362
6.11000 0.59227 0.30281 0.04585 1.67087 1.71672
6.12000 0.59507 0.25751 0.03315 1.68625 1.71940
6.13000 0.59742 0.21206 0.02248 1.69918 1.72167
6.14000 0.59931 0.16650 0.01386 1.70964 1.72350
6.15000 0.60075 0.12086 0.00730 1.71760 1.72490
6.16000 0.60173 0.07519 0.00283 1.72304 1.72587
6.17000 0.60225 0.02951 0.00044 1.72595 1.72638
6.18000 0.60232 -0.01614 0.00013 1.72632 1.72645
6.19000 0.60193 -0.06171 0.00190 1.72416 1.72606
6.20000 0.60108 -0.10718 0.00574 1.71947 1.72521
6.21000 0.59979 -0.15251 0.01163 1.71227 1.72390
6.22000 0.59803 -0.19767 0.01954 1.70259 1.72212
6.23000 0.59583 -0.24261 0.02943 1.69045 1.71988
6.24000 0.59318 -0.28731 0.04127 1.67589 1.71716
6.25000 0.59009 -0.33172 0.05502 1.65895 1.71397
6.26000 0.58655 -0.37581 0.07062 1.63969 1.71031
6.27000 0.58257 -0.41956 0.08801 1.61816 1.70617
6.28000 0.57816 -0.46291 0.10714 1.59442 1.70157
6.29000 0.57332 -0.50584 0.12794 1.56855 1.69649
6.30000 0.56804 -0.54831 0.15032 1.54062 1.69094
6.31000 0.56235 -0.59029 0.17422 1.51070 1.68492
6.32000 0.55624 -0.63173 0.19954 1.47890 1.67844
6.33000 0.54972 -0.67262 0.22621 1.44529 1.67150
6.34000 0.54279 -0.71290 0.25412 1.40998 1.66410
6.35000 0.53546 -0.75256 0.28317 1.37308 1.65625
6.36000 0.52774 -0.79154 0.31327 1.33468 1.64795
6.37000 0.51963 -0.82982 0.34430 1.29491 1.63921
6.38000 0.51115 -0.86737 0.37617 1.25388 1.63004
6.39000 0.50229 -0.90415 0.40874 1.21170 1.62045
6.40000 0.49307 -0.94012 0.44191 1.16852 1.61043
6.41000 0.48349 -0.97526 0.47557 1.12444 1.60001
6.42000 0.47356 -1.00953 0.50957 1.07961 1.58918
6.43000 0.46330 -1.04290 0.54382 1.03415 1.57797
6.44000 0.45271 -1.07533 0.57817 0.98821 1.56638
6.45000 0.44180 -1.10680 0.61250 0.94192 1.55442
6.46000 0.43058 -1.13727 0.64669 0.89541 1.54210
6.47000 0.41906 -1.16672 0.68062 0.84883 1.52945
6.48000 0.40725 -1.19511 0.71414 0.80231 1.51646
6.49000 0.39516 -1.22242 0.74715 0.75600 1.50315
6.50000 0.38280 -1.24861 0.77951 0.71003 1.48955
6.51000 0.37019 -1.27366 0.81111 0.66454 1.47565
6.52000 0.35733 -1.29755 0.84182 0.61967 1.46149
6.53000 0.34424 -1.32025 0.87152 0.57554 1.44706
6.54000 0.33093 -1.34172 0.90011 0.53229 1.43240
6.55000 0.31741 -1.36196 0.92747 0.49005 1.41751
6.56000 0.30370 -1.38094 0.95349 0.44893 1.40242
6.57000 0.28980 -1.39863 0.97808 0.40906 1.38714
6.58000 0.27573 -1.41501 1.00113 0.37055 1.37168
6.59000 0.26150 -1.43008 1.02256 0.33351 1.35608
6.60000 0.24713 -1.44381 1.04229 0.29805 1.34033
6.61000 0.23263 -1.45618 1.06023 0.26425 1.32448
6.62000 0.21801 -1.46718 1.07631 0.23221 1.30852
6.63000 0.20329 -1.47680 1.09047 0.20201 1.29248
6.64000 0.18848 -1.48502 1.10265 0.17374 1.27638
6.65000 0.17360 -1.49185 1.11280 0.14744 1.26025
6.66000 0.15865 -1.49726 1.12089 0.12320 1.24409
6.67000 0.14366 -1.50125 1.12688 0.10105 1.22793
6.68000 0.12863 -1.50382 1.13074 0.08104 1.21178
6.69000 0.11358 -1.50496 1.13246 0.06321 1.19567
6.70000 0.09853 -1.50468 1.13203 0.04758 1.17961
6.71000 0.08349 -1.50297 1.12946 0.03417 1.16363
6.72000 0.06848 -1.49983 1.12475 0.02299 1.14774
6.73000 0.05350 -1.49527 1.11792 0.01404 1.13196
6.74000 0.03858 -1.48930 1.10900 0.00730 1.11630
6.75000 0.02372 -1.48192 1.09804 0.00276 1.10080
6.76000 0.00895 -1.47313 1.08506 0.00039 1.08545
6.77000 -0.00574 -1.46296 1.07012 0.00016 1.07028
6.78000 -0.02031 -1.45141 1.05329 0.00202 1.05532
6.79000 -0.03476 -1.43849 1.03463 0.00593 1.04056
6.80000 -0.04907 -1.42423 1.01422 0.01181 1.02603
6.81000 -0.06324 -1.40864 0.99213 0.01961 1.01174
6.82000 -0.07724 -1.39173 0.96846 0.02925 0.99771
6.83000 -0.09107 -1.37354 0.94330 0.04065 0.98395
6.84000 -0.10471 -1.35407 0.91675 0.05373 0.97048
6.85000 -0.11815 -1.33335 0.88891 0.06839 0.95730
6.86000 -0.13137 -1.31141 0.85990 0.08453 0.94443
6.87000 -0.14437 -1.28827 0.82982 0.10206 0.93188
6.88000 -0.15713 -1.26396 0.79880 0.12086 0.91966
6.89000 -0.16965 -1.23851 0.76695 0.14083 0.90778
6.90000 -0.18190 -1.21194 0.73440 0.16185 0.89625
6.91000 -0.19388 -1.18429 0.70127 0.18380 0.88507
6.92000 -0.20558 -1.15558 0.66768 0.20658 0.87426
6.93000 -0.21699 -1.12585 0.63377 0.23005 0.86382
6.94000 -0.22810 -1.09514 0.59966 0.25409 0.85376
6.95000 -0.23889 -1.06347 0.56548 0.27859 0.84408
6.96000 -0.24936 -1.03088 0.53136 0.30342 0.83478
6.97000 -0.25951 -0.99741 0.49741 0.32847 0.82588
6.98000 -0.26931 -0.96309 0.46377 0.35360 0.81737
6.99000 -0.27876 -0.92796 0.43055 0.37870 0.80925
7.00000 -0.28786 -0.89205 0.39788 0.40366 0.80153
7.01000 -0.29660 -0.85540 0.36586 0.42835 0.79421
7.02000 -0.30497 -0.81806 0.33461 0.45267 0.78729
7.03000 -0.31296 -0.78006 0.30424 0.47651 0.78076
7.04000 -0.32057 -0.74143 0.27486 0.49976 0.77462
7.05000 -0.32779 -0.70222 0.24656 0.52232 0.76887
7.06000 -0.33461 -0.66247 0.21943 0.54409 0.76352
7.07000 -0.34104 -0.62221 0.19358 0.56497 0.75855
7.08000 -0.34706 -0.58150 0.16907 0.58489 0.75396
7.09000 -0.35266 -0.54035 0.14599 0.60375 0.74974
7.10000 -0.35786 -0.49882 0.12441 0.62148 0.74589
7.11000 -0.36264 -0.45695 0.10440 0.63801 0.74241
7.12000 -0.36700 -0.41478 0.08602 0.65326 0.73928
7.13000 -0.37093 -0.37234 0.06932 0.66719 0.73651
7.14000 -0.37444 -0.32968 0.05434 0.67973 0.73407
7.15000 -0.37753 -0.28684 0.04114 0.69083 0.73197
7.16000 -0.38018 -0.24385 0.02973 0.70046 0.73019
7.17000 -0.38240 -0.20076 0.02015 0.70857 0.72873
7.18000 -0.38420 -0.15761 0.01242 0.71515 0.72757
7.19000 -0.38556 -0.11444 0.00655 0.72016 0.72671
7.20000 -0.38649 -0.07129 0.00254 0.72359 0.72613
7.21000 -0.38698 -0.02819 0.00040 0.72543 0.72583
7.22000 -0.38705 0.01481 0.00011 0.72568 0.72579
7.23000 -0.38669 0.05767 0.00166 0.72433 0.72600
7.24000 -0.38590 0.10036 0.00504 0.72141 0.72645
7.25000 -0.38468 0.14283 0.01020 0.71693 0.72713
7.26000 -0.38304 0.18504 0.01712 0.71091 0.72803
7.27000 -0.38098 0.22697 0.02576 0.70337 0.72913
7.28000 -0.37850 0.26856 0.03606 0.69436 0.73042
7.29000 -0.37561 0.30978 0.04798 0.68392 0.73190
7.30000 -0.37231 0.35059 0.06146 0.67208 0.73354
7.31000 -0.36860 0.39096 0.07642 0.65891 0.73534
7.32000 -0.36449 0.43084 0.09281 0.64446 0.73728
7.33000 -0.35999 0.47020 0.11055 0.62880 0.73935
7.34000 -0.35509 0.50901 0.12954 0.61199 0.74153
7.35000 -0.34981 0.54722 0.14972 0.59410 0.74383
7.36000 -0.34415 0.58480 0.17100 0.57522 0.74622
7.37000 -0.33811 0.62172 0.19327 0.55542 0.74869
7.38000 -0.33171 0.65793 0.21644 0.53479 0.75123
7.39000 -0.32496 0.69341 0.24041 0.51341 0.75382
7.40000 -0.31785 0.72813 0.26508 0.49138 0.75647
7.41000 -0.31040 0.76203 0.29035 0.46880 0.75914
7.42000 -0.30261 0.79511 0.31610 0.44575 0.76185
7.43000 -0.29450 0.82731 0.34222 0.42234 0.76456
7.44000 -0.28607 0.85862 0.36861 0.39867 0.76728
7.45000 -0.27733 0.88900 0.39516 0.37484 0.76999
7.46000 -0.26829 0.91841 0.42174 0.35095 0.77269
7.47000 -0.25896 0.94684 0.44825 0.32711 0.77535
7.48000 -0.24936 0.97424 0.47457 0.30341 0.77799
7.49000 -0.23948 1.00060 0.50060 0.27997 0.78057
7.50000 -0.22935 1.02589 0.52623 0.25688 0.78310
7.51000 -0.21897 1.05008 0.55133 0.23424 0.78558
7.52000 -0.20835 1.07315 0.57582 0.21216 0.78798
7.53000 -0.19751 1.09507 0.59958 0.19072 0.79031
7.54000 -0.18645 1.11582 0.62252 0.17003 0.79255
7.55000 -0.17520 1.13537 0.64454 0.15017 0.79471
7.56000 -0.16375 1.15372 0.66554 0.13123 0.79677
7.57000 -0.15213 1.17084 0.68543 0.11329 0.79873
7.58000 -0.14034 1.18671 0.70414 0.09644 0.80059
7.59000 -0.12840 1.20132 0.72158 0.08075 0.80233
7.60000 -0.11632 1.21464 0.73768 0.06629 0.80397
7.61000 -0.10411 1.22668 0.75237 0.05311 0.80548
7.62000 -0.09179 1.23741 0.76559 0.04129 0.80688
7.63000 -0.07936 1.24682 0.77728 0.03088 0.80816
7.64000 -0.06685 1.25491 0.78740 0.02191 0.80931
7.65000 -0.05427 1.26166 0.79590 0.01444 0.81034
7.66000 -0.04163 1.26708 0.80274 0.00850 0.81124
7.67000 -0.02893 1.27115 0.80791 0.00411 0.81201
7.68000 -0.01621 1.27387 0.81137 0.00129 0.81266
7.69000 -0.00346 1.27524 0.81312 0.00006 0.81318
7.70000 0.00929 1.27526 0.81315 0.00042 0.81357
7.71000 0.02204 1.27393 0.81145 0.00238 0.81384
7.72000 0.03477 1.27126 0.80805 0.00593 0.81398
7.73000 0.04746 1.26725 0.80296 0.01105 0.81400
7.74000 0.06011 1.26189 0.79619 0.01772 0.81390
7.75000 0.07269 1.25521 0.78778 0.02591 0.81369
7.76000 0.08521 1.24721 0.77777 0.03559 0.81336
7.77000 0.09763 1.23790 0.76620 0.04672 0.81292
7.78000 0.10996 1.22729 0.75312 0.05925 0.81237
7.79000 0.12218 1.21540 0.73860 0.07313 0.81172
7.80000 0.13427 1.20223 0.72268 0.08829 0.81097
7.81000 0.14622 1.18782 0.70545 0.10468 0.81013
7.82000 0.15802 1.17216 0.68698 0.12222 0.80920
7.83000 0.16966 1.15528 0.66734 0.14084 0.80818
7.84000 0.18112 1.13721 0.64662 0.16047 0.80709
7.85000 0.19240 1.11795 0.62491 0.18101 0.80591
7.86000 0.20347 1.09754 0.60230 0.20238 0.80468
7.87000 0.21434 1.07600 0.57889 0.22449 0.80338
7.88000 0.22499 1.05335 0.55477 0.24725 0.80202
7.89000 0.23541 1.02961 0.53005 0.27056 0.80061
7.90000 0.24558 1.00481 0.50483 0.29433 0.79916
7.91000 0.25550 0.97899 0.47921 0.31846 0.79767
7.92000 0.26516 0.95216 0.45330 0.34284 0.79615
7.93000 0.27454 0.92436 0.42722 0.36738 0.79460
7.94000 0.28364 0.89561 0.40106 0.39198 0.79304
7.95000 0.29245 0.86595 0.37494 0.41652 0.79146
7.96000 0.30096 0.83541 0.34895 0.44092 0.78988
7.97000 0.30915 0.80402 0.32322 0.46508 0.78830
7.98000 0.31703 0.77180 0.29784 0.48889 0.78673
7.99000 0.32459 0.73880 0.27292 0.51225 0.78517
8.00000 0.33181 0.70505 0.24855 0.53508 0.78363
8.01000 0.33869 0.67058 0.22484 0.55729 0.78213
8.02000 0.34522 0.63543 0.20188 0.57877 0.78065
8.03000 0.35139 0.59962 0.17977 0.59945 0.77922
8.04000 0.35721 0.56321 0.15860 0.61924 0.77784
8.05000 0.36265 0.52621 0.13845 0.63806 0.77650
8.06000 0.36773 0.48867 0.11940 0.65584 0.77523
8.07000 0.37243 0.45062 0.10153 0.67250 0.77403
8.08000 0.37674 0.41210 0.08491 0.68799 0.77290
8.09000 0.38067 0.37314 0.06962 0.70223 0.77185
8.10000 0.38420 0.33379 0.05571 0.71517 0.77088
8.11000 0.38734 0.29408 0.04324 0.72676 0.77000
8.12000 0.39008 0.25404 0.03227 0.73695 0.76922
8.13000 0.39242 0.21372 0.02284 0.74570 0.76854
8.14000 0.39436 0.17314 0.01499 0.75297 0.76796
8.15000 0.39588 0.13236 0.00876 0.75874 0.76750
8.16000 0.39700 0.09140 0.00418 0.76298 0.76716
8.17000 0.39771 0.05030 0.00127 0.76567 0.76693
8.18000 0.39801 0.00910 0.00004 0.76680 0.76684
8.19000 0.39789 -0.03215 0.00052 0.76636 0.76688
8.20000 0.39736 -0.07344 0.00270 0.76436 0.76705
8.21000 0.39642 -0.11471 0.00658 0.76079 0.76737
8.22000 0.39507 -0.15592 0.01216 0.75567 0.76783
8.23000 0.39331 -0.19705 0.01941 0.74902 0.76844
8.24000 0.39113 -0.23805 0.02833 0.74086 0.76920
8.25000 0.38855 -0.27889 0.03889 0.73123 0.77012
8.26000 0.38555 -0.31953 0.05105 0.72015 0.77119
8.27000 0.38216 -0.35992 0.06477 0.70766 0.77244
8.28000 0.37836 -0.40004 0.08002 0.69383 0.77385
8.29000 0.37416 -0.43985 0.09673 0.67869 0.77542
8.30000 0.36956 -0.47931 0.11487 0.66231 0.77717
8.31000 0.36457 -0.51838 0.13436 0.64474 0.77910
8.32000 0.35919 -0.55702 0.15514 0.62607 0.78120
8.33000 0.35343 -0.59520 0.17713 0.60635 0.78349
8.34000 0.34729 -0.63289 0.20028 0.58567 0.78595
8.35000 0.34078 -0.67005 0.22448 0.56412 0.78860
8.36000 0.33389 -0.70663 0.24966 0.54177 0.79143
8.37000 0.32665 -0.74261 0.27574 0.51871 0.79445
8.38000 0.31904 -0.77796 0.30261 0.49505 0.79766
8.39000 0.31109 -0.81263 0.33018 0.47087 0.80105
8.40000 0.30279 -0.84659 0.35836 0.44628 0.80464
8.41000 0.29416 -0.87981 0.38704 0.42138 0.80841
8.42000 0.28520 -0.91226 0.41611 0.39627 0.81238
8.43000 0.27592 -0.94390 0.44548 0.37105 0.81653
8.44000 0.26632 -0.97471 0.47503 0.34585 0.82088
8.45000 0.25643 -1.00464 0.50465 0.32076 0.82541
8.46000 0.24623 -1.03368 0.53424 0.29589 0.83014
8.47000 0.23575 -1.06178 0.56369 0.27136 0.83505
8.48000 0.22500 -1.08893 0.59288 0.24727 0.84015
8.49000 0.21398 -1.11509 0.62171 0.22373 0.84544
8.50000 0.20270 -1.14023 0.65006 0.20085 0.85091
8.51000 0.19118 -1.16434 0.67784 0.17873 0.85657
8.52000 0.17942 -1.18737 0.70493 0.15747 0.86240
8.53000 0.16743 -1.20932 0.73123 0.13719 0.86842
8.54000 0.15524 -1.23016 0.75665 0.11796 0.87461
8.55000 0.14283 -1.24986 0.78108 0.09990 0.88098
8.56000 0.13024 -1.26841 0.80443 0.08309 0.88751
8.57000 0.11747 -1.28578 0.82661 0.06761 0.89422
8.58000 0.10453 -1.30195 0.84754 0.05355 0.90108
8.59000 0.09144 -1.31692 0.86713 0.04098 0.90811
8.60000 0.07820 -1.33065 0.88532 0.02998 0.91530
8.61000 0.06483 -1.34315 0.90203 0.02061 0.92263
8.62000 0.05134 -1.35439 0.91719 0.01292 0.93012
8.63000 0.03774 -1.36437 0.93076 0.00699 0.93774
8.64000 0.02405 -1.37307 0.94267 0.00284 0.94550
8.65000 0.01029 -1.38049 0.95288 0.00052 0.95340
8.66000 -0.00355 -1.38662 0.96136 0.00006 0.96142
8.67000 -0.01744 -1.39145 0.96807 0.00149 0.96956
8.68000 -0.03138 -1.39498 0.97299 0.00483 0.97782
8.69000 -0.04534 -1.39721 0.97610 0.01008 0.98618
8.70000 -0.05932 -1.39814 0.97739 0.01725 0.99464
8.71000 -0.07330 -1.39776 0.97686 0.02634 1.00320
8.72000 -0.08727 -1.39608 0.97452 0.03733 1.01185
8.73000 -0.10121 -1.39310 0.97037 0.05020 1.02057
8.74000 -0.11512 -1.38883 0.96443 0.06494 1.02937
8.75000 -0.12899 -1.38328 0.95673 0.08149 1.03823
8.76000 -0.14279 -1.37645 0.94731 0.09983 1.04714
8.77000 -0.15651 -1.36835 0.93620 0.11991 1.05610
8.78000 -0.17015 -1.35900 0.92344 0.14166 1.06510
8.79000 -0.18369 -1.34840 0.90909 0.16503 1.07413
8.80000 -0.19711 -1.33657 0.89322 0.18996 1.08317
8.81000 -0.21041 -1.32353 0.87587 0.21636 1.09223
8.82000 -0.22358 -1.30929 0.85712 0.24417 1.10129
8.83000 -0.23660 -1.29387 0.83705 0.27329 1.11034
8.84000 -0.24945 -1.27729 0.81573 0.30364 1.11937
8.85000 -0.26214 -1.25956 0.79325 0.33513 1.12838
8.86000 -0.27464 -1.24072 0.76969 0.36765 1.13734
8.87000 -0.28695 -1.22077 0.74515 0.40111 1.14626
8.88000 -0.29905 -1.19976 0.71971 0.43540 1.15511
8.89000 -0.31094 -1.17768 0.69347 0.47042 1.16389
8.90000 -0.32260 -1.15459 0.66654 0.50606 1.17260
8.91000 -0.33403 -1.13049 0.63900 0.54220 1.18121
8.92000 -0.34521 -1.10542 0.61098 0.57874 1.18972
8.93000 -0.35613 -1.07940 0.58255 0.61556 1.19811
8.94000 -0.36679 -1.05247 0.55384 0.65254 1.20638
8.95000 -0.37718 -1.02464 0.52494 0.68957 1.21452
8.96000 -0.38728 -0.99595 0.49596 0.72654 1.22251
8.97000 -0.39710 -0.96644 0.46700 0.76334 1.23034
8.98000 -0.40661 -0.93612 0.43816 0.79984 1.23800
8.99000 -0.41582 -0.90503 0.40954 0.83594 1.24548
9.00000 -0.42471 -0.87321 0.38125 0.87153 1.25277
9.01000 -0.43328 -0.84067 0.35337 0.90650 1.25986
9.02000 -0.44152 -0.80747 0.32600 0.94074 1.26674
9.03000 -0.44942 -0.77361 0.29924 0.97416 1.27340
9.04000 -0.45699 -0.73915 0.27317 1.00665 1.27983
9.05000 -0.46421 -0.70411 0.24789 1.03812 1.28601
9.06000 -0.47107 -0.66853 0.22346 1.06847 1.29194
9.07000 -0.47757 -0.63243 0.19998 1.09762 1.29760
9.08000 -0.48372 -0.59585 0.17752 1.12548 1.30299
9.09000 -0.48949 -0.55882 0.15614 1.15196 1.30810
9.10000 -0.49489 -0.52138 0.13592 1.17700 1.31292
9.11000 -0.49992 -0.48356 0.11692 1.20052 1.31744
9.12000 -0.50456 -0.44539 0.09919 1.22246 1.32165
9.13000 -0.50882 -0.40691 0.08279 1.24275 1.32554
9.14000 -0.51270 -0.36815 0.06777 1.26133 1.32910
9.15000 -0.51619 -0.32914 0.05417 1.27816 1.33233
9.16000 -0.51928 -0.28992 0.04203 1.29319 1.33522
9.17000 -0.52198 -0.25051 0.03138 1.30638 1.33776
9.18000 -0.52429 -0.21095 0.02225 1.31769 1.33994
9.19000 -0.52620 -0.17128 0.01467 1.32709 1.34176
9.20000 -0.52772 -0.13153 0.00865 1.33456 1.34321
9.21000 -0.52883 -0.09173 0.00421 1.34008 1.34429
9.22000 -0.52955 -0.05191 0.00135 1.34364 1.34498
9.23000 -0.52987 -0.01211 0.00007 1.34522 1.34530
9.24000 -0.52979 0.02764 0.00038 1.34484 1.34522
9.25000 -0.52932 0.06732 0.00227 1.34248 1.34475
9.26000 -0.52845 0.10687 0.00571 1.33817 1.34388
9.27000 -0.52718 0.14628 0.01070 1.33192 1.34262
9.28000 -0.52552 0.18552 0.01721 1.32374 1.34095
9.29000 -0.52347 0.22454 0.02521 1.31367 1.33888
9.30000 -0.52103 0.26332 0.03467 1.30173 1.33640
9.31000 -0.51821 0.30182 0.04555 1.28796 1.33351
9.32000 -0.51500 0.34002 0.05781 1.27241 1.33022
9.33000 -0.51141 0.37787 0.07139 1.25512 1.32652
9.34000 -0.50744 0.41536 0.08626 1.23615 1.32241
9.35000 -0.50310 0.45245 0.10235 1.21554 1.31790
9.36000 -0.49839 0.48910 0.11961 1.19337 1.31298
9.37000 -0.49332 0.52529 0.13796 1.16969 1.30766
9.38000 -0.48789 0.56098 0.15735 1.14459 1.30194
9.39000 -0.48210 0.59615 0.17769 1.11813 1.29582
9.40000 -0.47597 0.63076 0.19893 1.09039 1.28931
9.41000 -0.46949 0.66478 0.22097 1.06145 1.28241
9.42000 -0.46267 0.69819 0.24373 1.03140 1.27514
9.43000 -0.45553 0.73095 0.26714 1.00034 1.26748
9.44000 -0.44806 0.76303 0.29111 0.96834 1.25945
9.45000 -0.44027 0.79441 0.31554 0.93551 1.25106
9.46000 -0.43217 0.82505 0.34036 0.90195 1.24231
9.47000 -0.42377 0.85494 0.36546 0.86775 1.23321
9.48000 -0.41508 0.88403 0.39076 0.83301 1.22377
9.49000 -0.40609 0.91231 0.41616 0.79784 1.21399
9.50000 -0.39683 0.93975 0.44156 0.76234 1.20390
9.51000 -0.38730 0.96631 0.46688 0.72661 1.19349
9.52000 -0.37751 0.99198 0.49201 0.69076 1.18278
9.53000 -0.36746 1.01673 0.51687 0.65491 1.17178
9.54000 -0.35718 1.04054 0.54136 0.61914 1.16049
9.55000 -0.34666 1.06337 0.56538 0.58356 1.14894
9.56000 -0.33591 1.08522 0.58885 0.54829 1.13713
9.57000 -0.32496 1.10605 0.61167 0.51341 1.12508
9.58000 -0.31380 1.12585 0.63377 0.47904 1.11280
9.59000 -0.30244 1.14459 0.65505 0.44526 1.10031
9.60000 -0.29091 1.16227 0.67543 0.41218 1.08761
9.61000 -0.27920 1.17884 0.69484 0.37988 1.07472
9.62000 -0.26733 1.19431 0.71319 0.34847 1.06166
9.63000 -0.25532 1.20866 0.73043 0.31801 1.04844
9.64000 -0.24317 1.22186 0.74647 0.28860 1.03508
9.65000 -0.23089 1.23391 0.76127 0.26032 1.02159
9.66000 -0.21849 1.24479 0.77476 0.23323 1.00798
9.67000 -0.20599 1.25450 0.78688 0.20740 0.99428
9.68000 -0.19340 1.26301 0.79760 0.18290 0.98050
9.69000 -0.18074 1.27033 0.80686 0.15979 0.96666
9.70000 -0.16800 1.27644 0.81464 0.13812 0.95276
9.71000 -0.15521 1.28133 0.82091 0.11793 0.93883
9.72000 -0.14238 1.28501 0.82562 0.09927 0.92489
9.73000 -0.12952 1.28747 0.82878 0.08216 0.91095
9.74000 -0.11663 1.28870 0.83037 0.06665 0.89702
9.75000 -0.10375 1.28871 0.83038 0.05275 0.88313
9.76000 -0.09086 1.28749 0.82881 0.04047 0.86928
9.77000 -0.07800 1.28505 0.82567 0.02983 0.85550
9.78000 -0.06517 1.28139 0.82098 0.02082 0.84180
9.79000 -0.05238 1.27651 0.81474 0.01345 0.82820
9.80000 -0.03964 1.27043 0.80699 0.00771 0.81470
9.81000 -0.02697 1.26314 0.79776 0.00357 0.80133
9.82000 -0.01438 1.25466 0.78709 0.00101 0.78810
9.83000 -0.00188 1.24500 0.77501 0.00002 0.77503
9.84000 0.01051 1.23417 0.76158 0.00054 0.76212
9.85000 0.02280 1.22217 0.74685 0.00255 0.74940
9.86000 0.03495 1.20903 0.73088 0.00599 0.73687
9.87000 0.04697 1.19477 0.71373 0.01082 0.72456
9.88000 0.05884 1.17939 0.69548 0.01698 0.71246
9.89000 0.07056 1.16291 0.67618 0.02441 0.70059
9.90000 0.08210 1.14536 0.65593 0.03304 0.68897
9.91000 0.09346 1.12676 0.63479 0.04281 0.67760
9.92000 0.10463 1.10711 0.61285 0.05365 0.66650
9.93000 0.11560 1.08646 0.59020 0.06547 0.65567
9.94000 0.12636 1.06482 0.56692 0.07821 0.64513
9.95000 0.13689 1.04221 0.54310 0.09177 0.63488
9.96000 0.14720 1.01866 0.51884 0.10609 0.62492
9.97000 0.15726 0.99420 0.49422 0.12106 0.61528
9.98000 0.16708 0.96886 0.46934 0.13661 0.60595
9.99000 0.17664 0.94265 0.44429 0.15264 0.59694
