# t theta omega E_kin E_pot E_tot
0.00000 0.78540 0.10000 0.00500 2.87328 2.87828
0.01000 0.78610 0.04053 0.00082 2.87816 2.87898
0.02000 0.78621 -0.01891 0.00018 2.87891 2.87909
0.03000 0.78572 -0.07830 0.00307 2.87553 2.87860
0.04000 0.78464 -0.13761 0.00947 2.86805 2.87752
0.05000 0.78297 -0.19680 0.01937 2.85647 2.87583
0.06000 0.78071 -0.25584 0.03273 2.84082 2.87355
0.07000 0.77785 -0.31471 0.04952 2.82115 2.87067
0.08000 0.77441 -0.37336 0.06970 2.79751 2.86721
0.09000 0.77039 -0.43176 0.09321 2.76995 2.86316
0.10000 0.76578 -0.48989 0.12000 2.73854 2.85854
0.11000 0.76059 -0.54771 0.14999 2.70336 2.85335
0.12000 0.75483 -0.60519 0.18313 2.66449 2.84762
0.13000 0.74849 -0.66229 0.21931 2.62204 2.84135
0.14000 0.74158 -0.71897 0.25846 2.57610 2.83456
0.15000 0.73411 -0.77521 0.30048 2.52680 2.82727
0.16000 0.72608 -0.83097 0.34526 2.47425 2.81951
0.17000 0.71749 -0.88622 0.39269 2.41859 2.81128
0.18000 0.70836 -0.94090 0.44265 2.35998 2.80263
0.19000 0.69868 -0.99500 0.49501 2.29854 2.79356
0.20000 0.68846 -1.04847 0.54964 2.23446 2.78411
0.21000 0.67771 -1.10127 0.60640 2.16791 2.77430
0.22000 0.66644 -1.15336 0.66512 2.09905 2.76417
0.23000 0.65465 -1.20471 0.72567 2.02808 2.75375
0.24000 0.64234 -1.25527 0.78786 1.95520 2.74306
0.25000 0.62954 -1.30501 0.85153 1.88061 2.73213
0.26000 0.61625 -1.35388 0.91650 1.80452 2.72101
0.27000 0.60247 -1.40184 0.98258 1.72715 2.70973
0.28000 0.58821 -1.44885 1.04958 1.64874 2.69832
0.29000 0.57349 -1.49487 1.11732 1.56950 2.68681
0.30000 0.55832 -1.53985 1.18557 1.48968 2.67525
0.31000 0.54270 -1.58376 1.25414 1.40953 2.66367
0.32000 0.52665 -1.62654 1.32282 1.32929 2.65211
0.33000 0.51017 -1.66817 1.39139 1.24921 2.64060
0.34000 0.49329 -1.70859 1.45963 1.16955 2.62918
0.35000 0.47601 -1.74776 1.52733 1.09056 2.61789
0.36000 0.45834 -1.78564 1.59426 1.01250 2.60676
0.37000 0.44030 -1.82220 1.66021 0.93563 2.59584
0.38000 0.42190 -1.85738 1.72494 0.86021 2.58515
0.39000 0.40315 -1.89116 1.78824 0.78649 2.57473
0.40000 0.38408 -1.92348 1.84989 0.71472 2.56462
0.41000 0.36469 -1.95432 1.90968 0.64516 2.55485
0.42000 0.34500 -1.98363 1.96740 0.57805 2.54545
0.43000 0.32502 -2.01138 2.02283 0.51362 2.53645
0.44000 0.30478 -2.03754 2.07578 0.45210 2.52789
0.45000 0.28428 -2.06207 2.12606 0.39373 2.51979
0.46000 0.26354 -2.08493 2.17348 0.33870 2.51218
0.47000 0.24258 -2.10611 2.21785 0.28723 2.50509
0.48000 0.22142 -2.12557 2.25903 0.23951 2.49853
0.49000 0.20008 -2.14329 2.29684 0.19570 2.49254
0.50000 0.17856 -2.15924 2.33115 0.15598 2.48713
0.51000 0.15690 -2.17340 2.36182 0.12050 2.48233
0.52000 0.13510 -2.18575 2.38874 0.08939 2.47813
0.53000 0.11319 -2.19627 2.41180 0.06278 2.47458
0.54000 0.09118 -2.20495 2.43091 0.04075 2.47166
0.55000 0.06910 -2.21178 2.44599 0.02341 2.46940
0.56000 0.04695 -2.21675 2.45699 0.01081 2.46780
0.57000 0.02477 -2.21984 2.46385 0.00301 2.46686
0.58000 0.00256 -2.22107 2.46657 0.00003 2.46660
0.59000 -0.01965 -2.22041 2.46511 0.00189 2.46700
0.60000 -0.04184 -2.21788 2.45949 0.00858 2.46808
0.61000 -0.06400 -2.21347 2.44973 0.02008 2.46981
0.62000 -0.08610 -2.20720 2.43587 0.03634 2.47221
0.63000 -0.10813 -2.19907 2.41795 0.05730 2.47525
0.64000 -0.13008 -2.18909 2.39606 0.08288 2.47894
0.65000 -0.15191 -2.17728 2.37027 0.11297 2.48324
0.66000 -0.17362 -2.16365 2.34068 0.14748 2.48816
0.67000 -0.19518 -2.14822 2.30741 0.18626 2.49367
0.68000 -0.21657 -2.13100 2.27059 0.22917 2.49976
0.69000 -0.23779 -2.11204 2.23035 0.27605 2.50639
0.70000 -0.25881 -2.09133 2.18684 0.32672 2.51356
0.71000 -0.27961 -2.06893 2.14023 0.38100 2.52123
0.72000 -0.30018 -2.04484 2.09069 0.43868 2.52937
0.73000 -0.32050 -2.01911 2.03841 0.49956 2.53797
0.74000 -0.34056 -1.99177 1.98357 0.56341 2.54698
0.75000 -0.36033 -1.96284 1.92638 0.63001 2.55639
0.76000 -0.37981 -1.93237 1.86703 0.69911 2.56615
0.77000 -0.39898 -1.90039 1.80574 0.77049 2.57623
0.78000 -0.41781 -1.86694 1.74273 0.84388 2.58660
0.79000 -0.43631 -1.83205 1.67820 0.91903 2.59723
0.80000 -0.45445 -1.79576 1.61238 0.99569 2.60808
0.81000 -0.47222 -1.75812 1.54550 1.07361 2.61911
0.82000 -0.48961 -1.71917 1.47777 1.15251 2.63028
0.83000 -0.50660 -1.67894 1.40942 1.23214 2.64157
0.84000 -0.52318 -1.63748 1.34067 1.31225 2.65293
0.85000 -0.53935 -1.59483 1.27174 1.39258 2.66432
0.86000 -0.55508 -1.55103 1.20285 1.47287 2.67572
0.87000 -0.57036 -1.50612 1.13420 1.55287 2.68708
0.88000 -0.58520 -1.46015 1.06602 1.63234 2.69836
0.89000 -0.59956 -1.41316 0.99851 1.71104 2.70954
0.90000 -0.61346 -1.36518 0.93186 1.78872 2.72058
0.91000 -0.62686 -1.31627 0.86628 1.86516 2.73144
0.92000 -0.63978 -1.26645 0.80195 1.94014 2.74209
0.93000 -0.65219 -1.21578 0.73906 2.01343 2.75249
0.94000 -0.66409 -1.16429 0.67778 2.08484 2.76263
0.95000 -0.67547 -1.11202 0.61830 2.15416 2.77246
0.96000 -0.68633 -1.05902 0.56076 2.22120 2.78196
0.97000 -0.69665 -1.00531 0.50532 2.28577 2.79110
0.98000 -0.70643 -0.95094 0.45215 2.34770 2.79985
0.99000 -0.71567 -0.89596 0.40137 2.40683 2.80820
1.00000 -0.72435 -0.84038 0.35312 2.46299 2.81611
1.01000 -0.73247 -0.78426 0.30753 2.51604 2.82357
1.02000 -0.74003 -0.72762 0.26472 2.56584 2.83056
1.03000 -0.74702 -0.67051 0.22479 2.61226 2.83706
1.04000 -0.75344 -0.61296 0.18786 2.65519 2.84305
1.05000 -0.75928 -0.55500 0.15401 2.69451 2.84852
1.06000 -0.76454 -0.49667 0.12334 2.73012 2.85346
1.07000 -0.76921 -0.43800 0.09592 2.76193 2.85785
1.08000 -0.77330 -0.37902 0.07183 2.78987 2.86170
1.09000 -0.77679 -0.31978 0.05113 2.81385 2.86498
1.10000 -0.77969 -0.26030 0.03388 2.83383 2.86771
1.11000 -0.78200 -0.20061 0.02012 2.84974 2.86987
1.12000 -0.78371 -0.14076 0.00991 2.86155 2.87146
1.13000 -0.78481 -0.08076 0.00326 2.86923 2.87249
1.14000 -0.78532 -0.02066 0.00021 2.87275 2.87296
1.15000 -0.78523 0.03951 0.00078 2.87209 2.87287
1.16000 -0.78453 0.09973 0.00497 2.86727 2.87224
1.17000 -0.78323 0.15995 0.01279 2.85827 2.87106
1.18000 -0.78133 0.22014 0.02423 2.84513 2.86936
1.19000 -0.77883 0.28027 0.03928 2.82787 2.86714
1.20000 -0.77573 0.34031 0.05791 2.80652 2.86442
1.21000 -0.77202 0.40022 0.08009 2.78113 2.86122
1.22000 -0.76772 0.45996 0.10578 2.75176 2.85755
1.23000 -0.76283 0.51951 0.13495 2.71848 2.85342
1.24000 -0.75733 0.57882 0.16752 2.68136 2.84888
1.25000 -0.75125 0.63786 0.20343 2.64049 2.84393
1.26000 -0.74458 0.69659 0.24262 2.59597 2.83859
1.27000 -0.73732 0.75498 0.28499 2.54791 2.83291
1.28000 -0.72948 0.81298 0.33046 2.49643 2.82689
1.29000 -0.72106 0.87055 0.37893 2.44165 2.82058
1.30000 -0.71207 0.92766 0.43028 2.38372 2.81399
1.31000 -0.70251 0.98427 0.48439 2.32278 2.80717
1.32000 -0.69239 1.04032 0.54114 2.25900 2.80013
1.33000 -0.68170 1.09579 0.60038 2.19254 2.79292
1.34000 -0.67047 1.15063 0.66197 2.12359 2.78556
1.35000 -0.65869 1.20479 0.72576 2.05233 2.77809
1.36000 -0.64638 1.25823 0.79157 1.97897 2.77054
1.37000 -0.63353 1.31090 0.85924 1.90371 2.76295
1.38000 -0.62016 1.36277 0.92857 1.82678 2.75535
1.39000 -0.60628 1.41377 0.99938 1.74840 2.74778
1.40000 -0.59189 1.46387 1.07146 1.66881 2.74027
1.41000 -0.57701 1.51302 1.14461 1.58824 2.73285
1.42000 -0.56163 1.56116 1.21862 1.50695 2.72557
1.43000 -0.54579 1.60826 1.29325 1.42520 2.71845
1.44000 -0.52947 1.65426 1.36829 1.34325 2.71154
1.45000 -0.51270 1.69912 1.44350 1.26136 2.70486
1.46000 -0.49549 1.74278 1.51863 1.17981 2.69844
1.47000 -0.47785 1.78519 1.59346 1.09887 2.69233
1.48000 -0.45979 1.82632 1.66772 1.01883 2.68655
1.49000 -0.44133 1.86611 1.74118 0.93996 2.68114
1.50000 -0.42248 1.90451 1.81359 0.86253 2.67612
1.51000 -0.40325 1.94149 1.88468 0.78684 2.67152
1.52000 -0.38365 1.97698 1.95422 0.71315 2.66737
1.53000 -0.36371 2.01095 2.02196 0.64174 2.66370
1.54000 -0.34344 2.04335 2.08764 0.57288 2.66052
1.55000 -0.32285 2.07414 2.15104 0.50683 2.65787
1.56000 -0.30196 2.10329 2.21191 0.44385 2.65576
1.57000 -0.28079 2.13074 2.27003 0.38419 2.65421
1.58000 -0.25935 2.15646 2.32517 0.32808 2.65325
1.59000 -0.23767 2.18042 2.37712 0.27576 2.65288
1.60000 -0.21575 2.20258 2.42568 0.22743 2.65312
1.61000 -0.19362 2.22291 2.47067 0.18331 2.65398
1.62000 -0.17130 2.24138 2.51189 0.14357 2.65546
1.63000 -0.14880 2.25796 2.54919 0.10840 2.65759
1.64000 -0.12614 2.27262 2.58241 0.07795 2.66035
1.65000 -0.10335 2.28535 2.61142 0.05235 2.66376
1.66000 -0.08044 2.29612 2.63609 0.03172 2.66782
1.67000 -0.05744 2.30492 2.65633 0.01618 2.67251
1.68000 -0.03435 2.31173 2.67206 0.00579 2.67785
1.69000 -0.01121 2.31655 2.68319 0.00062 2.68381
1.70000 0.01197 2.31935 2.68969 0.00070 2.69040
1.71000 0.03517 2.32014 2.69153 0.00607 2.69759
1.72000 0.05837 2.31891 2.68868 0.01671 2.70539
1.73000 0.08154 2.31567 2.68117 0.03260 2.71377
1.74000 0.10467 2.31042 2.66901 0.05369 2.72271
1.75000 0.12774 2.30316 2.65226 0.07993 2.73220
1.76000 0.15073 2.29390 2.63098 0.11123 2.74221
1.77000 0.17362 2.28265 2.60524 0.14748 2.75272
1.78000 0.19638 2.26943 2.57516 0.18855 2.76371
1.79000 0.21900 2.25426 2.54084 0.23430 2.77515
1.80000 0.24146 2.23715 2.50243 0.28458 2.78701
1.81000 0.26373 2.21813 2.46006 0.33920 2.79926
1.82000 0.28581 2.19723 2.41390 0.39796 2.81187
1.83000 0.30767 2.17446 2.36414 0.46067 2.82481
1.84000 0.32930 2.14986 2.31095 0.52709 2.83804
1.85000 0.35066 2.12346 2.25455 0.59699 2.85154
1.86000 0.37176 2.09530 2.19513 0.67012 2.86526
1.87000 0.39256 2.06540 2.13293 0.74624 2.87917
1.88000 0.41306 2.03380 2.06818 0.82506 2.89324
1.89000 0.43323 2.00055 2.00110 0.90632 2.90742
1.90000 0.45307 1.96568 1.93194 0.98974 2.92168
1.91000 0.47254 1.92922 1.86095 1.07504 2.93599
1.92000 0.49165 1.89123 1.78838 1.16193 2.95031
1.93000 0.51036 1.85175 1.71448 1.25011 2.96460
1.94000 0.52868 1.81081 1.63951 1.33931 2.97882
1.95000 0.54657 1.76846 1.56372 1.42922 2.99294
1.96000 0.56404 1.72474 1.48737 1.51955 3.00692
1.97000 0.58106 1.67971 1.41071 1.61003 3.02073
1.98000 0.59763 1.63339 1.33398 1.70036 3.03434
1.99000 0.61373 1.58584 1.25745 1.79026 3.04771
2.00000 0.62934 1.53711 1.18135 1.87946 3.06081
2.01000 0.64447 1.48723 1.10593 1.96769 3.07361
2.02000 0.65908 1.43625 1.03141 2.05467 3.08608
2.03000 0.67319 1.38422 0.95803 2.14017 3.09820
2.04000 0.68677 1.33117 0.88600 2.22392 3.10993
2.05000 0.69981 1.27715 0.81556 2.30569 3.12125
2.06000 0.71231 1.22221 0.74690 2.38523 3.13213
2.07000 0.72425 1.16638 0.68023 2.46234 3.14257
2.08000 0.73563 1.10972 0.61573 2.53679 3.15252
2.09000 0.74644 1.05225 0.55361 2.60838 3.16199
2.10000 0.75667 0.99402 0.49403 2.67691 3.17095
2.11000 0.76632 0.93507 0.43717 2.74221 3.17938
2.12000 0.77537 0.87544 0.38319 2.80408 3.18728
2.13000 0.78383 0.81516 0.33225 2.86238 3.19463
2.14000 0.79167 0.75429 0.28448 2.91695 3.20142
2.15000 0.79891 0.69285 0.24002 2.96764 3.20766
2.16000 0.80553 0.63088 0.19900 3.01432 3.21332
2.17000 0.81153 0.56842 0.16155 3.05687 3.21842
2.18000 0.81690 0.50551 0.12777 3.09517 3.22294
2.19000 0.82163 0.44217 0.09776 3.12914 3.22690
2.20000 0.82574 0.37846 0.07162 3.15867 3.23029
2.21000 0.82920 0.31440 0.04942 3.18370 3.23312
2.22000 0.83202 0.25003 0.03126 3.20414 3.23539
2.23000 0.83420 0.18538 0.01718 3.21994 3.23713
2.24000 0.83573 0.12049 0.00726 3.23107 3.23833
2.25000 0.83661 0.05540 0.00153 3.23747 3.23901
2.26000 0.83684 -0.00986 0.00005 3.23913 3.23918
2.27000 0.83641 -0.07525 0.00283 3.23603 3.23886
2.28000 0.83533 -0.14074 0.00990 3.22817 3.23808
2.29000 0.83360 -0.20629 0.02128 3.21556 3.23684
2.30000 0.83121 -0.27187 0.03696 3.19821 3.23517
2.31000 0.82816 -0.33743 0.05693 3.17617 3.23310
2.32000 0.82446 -0.40294 0.08118 3.14946 3.23064
2.33000 0.82010 -0.46837 0.10968 3.11814 3.22783
2.34000 0.81509 -0.53366 0.14240 3.08229 3.22469
2.35000 0.80943 -0.59878 0.17927 3.04197 3.22124
2.36000 0.80312 -0.66370 0.22025 2.99728 3.21753
2.37000 0.79616 -0.72837 0.26526 2.94831 3.21357
2.38000 0.78855 -0.79274 0.31422 2.89519 3.20940
2.39000 0.78030 -0.85677 0.36703 2.83803 3.20506
2.40000 0.77142 -0.92043 0.42359 2.77698 3.20057
2.41000 0.76190 -0.98365 0.48379 2.71218 3.19597
2.42000 0.75175 -1.04640 0.54748 2.64381 3.19129
2.43000 0.74097 -1.10864 0.61454 2.57204 3.18658
2.44000 0.72957 -1.17030 0.68480 2.49706 3.18185
2.45000 0.71757 -1.23134 0.75810 2.41906 3.17716
2.46000 0.70495 -1.29171 0.83425 2.33827 3.17253
2.47000 0.69173 -1.35135 0.91308 2.25492 3.16799
2.48000 0.67793 -1.41022 0.99436 2.16923 3.16360
2.49000 0.66353 -1.46826 1.07790 2.08147 3.15937
2.50000 0.64856 -1.52542 1.16345 1.99190 3.15534
2.51000 0.63303 -1.58163 1.25078 1.90078 3.15156
2.52000 0.61693 -1.63685 1.33963 1.80841 3.14804
2.53000 0.60029 -1.69101 1.42975 1.71508 3.14484
2.54000 0.58312 -1.74405 1.52086 1.62110 3.14196
2.55000 0.56542 -1.79593 1.61269 1.52677 3.13946
2.56000 0.54720 -1.84658 1.70493 1.43242 3.13736
2.57000 0.52849 -1.89594 1.79730 1.33838 3.13568
2.58000 0.50929 -1.94395 1.88948 1.24497 3.13445
2.59000 0.48961 -1.99056 1.98117 1.15254 3.13371
2.60000 0.46948 -2.03571 2.07205 1.06142 3.13347
2.61000 0.44891 -2.07933 2.16180 0.97195 3.13375
2.62000 0.42790 -2.12137 2.25011 0.88448 3.13459
2.63000 0.40648 -2.16178 2.33665 0.79935 3.13600
2.64000 0.38467 -2.20050 2.42109 0.71690 3.13799
2.65000 0.36248 -2.23747 2.50313 0.63745 3.14058
2.66000 0.33993 -2.27264 2.58245 0.56134 3.14379
2.67000 0.31703 -2.30596 2.65873 0.48889 3.14762
2.68000 0.29381 -2.33739 2.73169 0.42040 3.15209
2.69000 0.27029 -2.36686 2.80102 0.35617 3.15720
2.70000 0.24648 -2.39435 2.86646 0.29649 3.16295
2.71000 0.22241 -2.41980 2.92772 0.24164 3.16936
2.72000 0.19809 -2.44318 2.98456 0.19185 3.17641
2.73000 0.17355 -2.46444 3.03674 0.14737 3.18412
2.74000 0.14881 -2.48356 3.08404 0.10842 3.19246
2.75000 0.12389 -2.50050 3.12625 0.07519 3.20144
2.76000 0.09881 -2.51523 3.16320 0.04785 3.21105
2.77000 0.07359 -2.52773 3.19472 0.02655 3.22127
2.78000 0.04826 -2.53798 3.22067 0.01142 3.23209
2.79000 0.02284 -2.54595 3.24094 0.00256 3.24350
2.80000 -0.00265 -2.55164 3.25544 0.00003 3.25547
2.81000 -0.02818 -2.55503 3.26409 0.00390 3.26799
2.82000 -0.05374 -2.55612 3.26687 0.01416 3.28103
2.83000 -0.07930 -2.55490 3.26375 0.03083 3.29458
2.84000 -0.10483 -2.55137 3.25474 0.05385 3.30859
2.85000 -0.13032 -2.54553 3.23987 0.08318 3.32305
2.86000 -0.15573 -2.53740 3.21921 0.11872 3.33793
2.87000 -0.18106 -2.52699 3.19284 0.16036 3.35320
2.88000 -0.20627 -2.51431 3.16087 0.20795 3.36881
2.89000 -0.23134 -2.49937 3.12342 0.26133 3.38475
2.90000 -0.25625 -2.48220 3.08066 0.32031 3.40097
2.91000 -0.28097 -2.46282 3.03275 0.38469 3.41744
2.92000 -0.30550 -2.44127 2.97990 0.45422 3.43412
2.93000 -0.32979 -2.41757 2.92232 0.52866 3.45098
2.94000 -0.35384 -2.39175 2.86024 0.60774 3.46798
2.95000 -0.37762 -2.36386 2.79391 0.69116 3.48507
2.96000 -0.40111 -2.33392 2.72359 0.77864 3.50223
2.97000 -0.42429 -2.30198 2.64956 0.86985 3.51940
2.98000 -0.44714 -2.26809 2.57211 0.96446 3.53657
2.99000 -0.46965 -2.23228 2.49153 1.06215 3.55368
3.00000 -0.49178 -2.19460 2.40813 1.16256 3.57069
3.01000 -0.51353 -2.15510 2.32223 1.26535 3.58758
3.02000 -0.53488 -2.11383 2.23415 1.37016 3.60431
3.03000 -0.55580 -2.07084 2.14419 1.47663 3.62083
3.04000 -0.57629 -2.02618 2.05270 1.58441 3.63711
3.05000 -0.59632 -1.97989 1.95999 1.69314 3.65313
3.06000 -0.61588 -1.93204 1.86639 1.80245 3.66884
3.07000 -0.63496 -1.88267 1.77222 1.91200 3.68422
3.08000 -0.65353 -1.83183 1.67781 2.02143 3.69924
3.09000 -0.67159 -1.77958 1.58346 2.13040 3.71386
3.10000 -0.68912 -1.72597 1.48949 2.23857 3.72806
3.11000 -0.70610 -1.67105 1.39621 2.34562 3.74182
3.12000 -0.72254 -1.61487 1.30391 2.45121 3.75511
3.13000 -0.73840 -1.55749 1.21288 2.55504 3.76792
3.14000 -0.75368 -1.49894 1.12341 2.65680 3.78021
3.15000 -0.76837 -1.43929 1.03578 2.75620 3.79197
3.16000 -0.78246 -1.37858 0.95024 2.85295 3.80320
3.17000 -0.79594 -1.31686 0.86706 2.94680 3.81386
3.18000 -0.80880 -1.25418 0.78648 3.03748 3.82396
3.19000 -0.82102 -1.19058 0.70874 3.12474 3.83348
3.20000 -0.83261 -1.12611 0.63406 3.20836 3.84241
3.21000 -0.84354 -1.06081 0.56266 3.28810 3.85076
3.22000 -0.85382 -0.99473 0.49475 3.36376 3.85851
3.23000 -0.86343 -0.92791 0.43051 3.43515 3.86566
3.24000 -0.87238 -0.86040 0.37015 3.50208 3.87223
3.25000 -0.88064 -0.79223 0.31382 3.56438 3.87820
3.26000 -0.88822 -0.72345 0.26169 3.62189 3.88358
3.27000 -0.89511 -0.65409 0.21392 3.67447 3.88839
3.28000 -0.90130 -0.58420 0.17065 3.72199 3.89263
3.29000 -0.90679 -0.51382 0.13200 3.76431 3.89632
3.30000 -0.91157 -0.44297 0.09811 3.80134 3.89946
3.31000 -0.91565 -0.37171 0.06909 3.83298 3.90207
3.32000 -0.91901 -0.30007 0.04502 3.85915 3.90417
3.33000 -0.92165 -0.22809 0.02601 3.87977 3.90578
3.34000 -0.92357 -0.15579 0.01214 3.89478 3.90692
3.35000 -0.92476 -0.08324 0.00346 3.90414 3.90760
3.36000 -0.92523 -0.01045 0.00005 3.90781 3.90786
3.37000 -0.92497 0.06254 0.00196 3.90577 3.90773
3.38000 -0.92398 0.13567 0.00920 3.89801 3.90721
3.39000 -0.92226 0.20892 0.02182 3.88453 3.90636
3.40000 -0.91980 0.28225 0.03983 3.86535 3.90518
3.41000 -0.91661 0.35562 0.06323 3.84049 3.90372
3.42000 -0.91269 0.42898 0.09201 3.81000 3.90201
3.43000 -0.90803 0.50230 0.12615 3.77392 3.90008
3.44000 -0.90264 0.57553 0.16562 3.73233 3.89795
3.45000 -0.89652 0.64864 0.21036 3.68531 3.89568
3.46000 -0.88967 0.72156 0.26033 3.63296 3.89328
3.47000 -0.88209 0.79427 0.31543 3.57537 3.89081
3.48000 -0.87379 0.86671 0.37560 3.51268 3.88828
3.49000 -0.86476 0.93884 0.44071 3.44503 3.88574
3.50000 -0.85501 1.01060 0.51066 3.37257 3.88323
3.51000 -0.84455 1.08195 0.58531 3.29547 3.88078
3.52000 -0.83337 1.15283 0.66451 3.21392 3.87843
3.53000 -0.82149 1.22318 0.74809 3.12812 3.87621
3.54000 -0.80891 1.29296 0.83587 3.03829 3.87416
3.55000 -0.79564 1.36210 0.92766 2.94466 3.87232
3.56000 -0.78167 1.43055 1.02324 2.84748 3.87072
3.57000 -0.76703 1.49825 1.12237 2.74702 3.86939
3.58000 -0.75171 1.56513 1.22481 2.64357 3.86838
3.59000 -0.73573 1.63112 1.33028 2.53743 3.86771
3.60000 -0.71909 1.69618 1.43851 2.42890 3.86741
3.61000 -0.70181 1.76022 1.54919 2.31833 3.86752
3.62000 -0.68389 1.82318 1.66200 2.20606 3.86806
3.63000 -0.66535 1.88500 1.77662 2.09245 3.86906
3.64000 -0.64619 1.94560 1.89269 1.97787 3.87056
3.65000 -0.62644 2.00492 2.00985 1.86272 3.87257
3.66000 -0.60610 2.06287 2.12773 1.74739 3.87512
3.67000 -0.58519 2.11940 2.24593 1.63230 3.87823
3.68000 -0.56372 2.17443 2.36407 1.51785 3.88192
3.69000 -0.54170 2.22788 2.48173 1.40448 3.88621
3.70000 -0.51916 2.27969 2.59849 1.29262 3.89111
3.71000 -0.49612 2.32978 2.71394 1.18271 3.89665
3.72000 -0.47257 2.37808 2.82764 1.07518 3.90282
3.73000 -0.44856 2.42453 2.93917 0.97048 3.90965
3.74000 -0.42409 2.46905 3.04810 0.86903 3.91713
3.75000 -0.39919 2.51157 3.15399 0.77128 3.92528
3.76000 -0.37387 2.55203 3.25643 0.67765 3.93408
3.77000 -0.34815 2.59037 3.35501 0.58855 3.94356
3.78000 -0.32207 2.62652 3.44930 0.50439 3.95370
3.79000 -0.29563 2.66042 3.53893 0.42557 3.96449
3.80000 -0.26886 2.69202 3.62350 0.35244 3.97594
3.81000 -0.24180 2.72127 3.70265 0.28538 3.98803
3.82000 -0.21445 2.74811 3.77604 0.22471 4.00075
3.83000 -0.18684 2.77249 3.84335 0.17074 4.01408
3.84000 -0.15901 2.79437 3.90426 0.12375 4.02802
3.85000 -0.13096 2.81372 3.95852 0.08401 4.04253
3.86000 -0.10274 2.83050 4.00587 0.05173 4.05760
3.87000 -0.07436 2.84468 4.04610 0.02711 4.07321
3.88000 -0.04586 2.85623 4.07901 0.01031 4.08933
3.89000 -0.01725 2.86512 4.10447 0.00146 4.10593
3.90000 0.01144 2.87135 4.12234 0.00064 4.12298
3.91000 0.04017 2.87491 4.13255 0.00791 4.14046
3.92000 0.06893 2.87577 4.13503 0.02329 4.15833
3.93000 0.09768 2.87395 4.12979 0.04676 4.17656
3.94000 0.12640 2.86944 4.11685 0.07826 4.19510
3.95000 0.15506 2.86225 4.09624 0.11770 4.21394
3.96000 0.18363 2.85240 4.06808 0.16494 4.23302
3.97000 0.21210 2.83989 4.03249 0.21983 4.25231
3.98000 0.24042 2.82475 3.98962 0.28216 4.27178
3.99000 0.26858 2.80701 3.93966 0.35171 4.29137
4.00000 0.29655 2.78670 3.88284 0.42822 4.31105
4.01000 0.32431 2.76384 3.81940 0.51138 4.33079
4.02000 0.35182 2.73848 3.74963 0.60090 4.35053
4.03000 0.37907 2.71066 3.67383 0.69642 4.37025
4.04000 0.40603 2.68041 3.59231 0.79758 4.38989
4.05000 0.43267 2.64780 3.50543 0.90400 4.40943
4.06000 0.45898 2.61287 3.41354 1.01527 4.42881
4.07000 0.48492 2.57567 3.31703 1.13098 4.44801
4.08000 0.51048 2.53625 3.21629 1.25069 4.46698
4.09000 0.53564 2.49468 3.11173 1.37396 4.48569
4.10000 0.56037 2.45102 3.00375 1.50035 4.50410
4.11000 0.58465 2.40532 2.89277 1.62940 4.52218
4.12000 0.60847 2.35764 2.77923 1.76066 4.53989
4.13000 0.63180 2.30805 2.66355 1.89366 4.55721
4.14000 0.65462 2.25661 2.54615 2.02795 4.57410
4.15000 0.67693 2.20339 2.42746 2.16308 4.59054
4.16000 0.69869 2.14844 2.30790 2.29860 4.60650
4.17000 0.71989 2.09184 2.18789 2.43406 4.62196
4.18000 0.74052 2.03364 2.06784 2.56904 4.63689
4.19000 0.76056 1.97391 1.94815 2.70312 4.65127
4.20000 0.77999 1.91271 1.82922 2.83587 4.66509
4.21000 0.79881 1.85010 1.71143 2.96691 4.67834
4.22000 0.81699 1.78614 1.59515 3.09583 4.69098
4.23000 0.83452 1.72090 1.48074 3.22229 4.70303
4.24000 0.85140 1.65442 1.36856 3.34590 4.71446
4.25000 0.86761 1.58678 1.25894 3.46634 4.72527
4.26000 0.88313 1.51802 1.15219 3.58327 4.73546
4.27000 0.89797 1.44820 1.04864 3.69638 4.74502
4.28000 0.91209 1.37737 0.94857 3.80539 4.75396
4.29000 0.92551 1.30558 0.85227 3.91000 4.76227
4.30000 0.93820 1.23289 0.76001 4.00995 4.76996
4.31000 0.95016 1.15935 0.67204 4.10500 4.77704
4.32000 0.96139 1.08499 0.58860 4.19492 4.78352
4.33000 0.97186 1.00987 0.50992 4.27949 4.78941
4.34000 0.98158 0.93404 0.43621 4.35850 4.79472
4.35000 0.99054 0.85753 0.36768 4.43179 4.79946
4.36000 0.99873 0.78039 0.30450 4.49916 4.80366
4.37000 1.00615 0.70266 0.24686 4.56047 4.80733
4.38000 1.01278 0.62438 0.19493 4.61558 4.81050
4.39000 1.01863 0.54559 0.14884 4.66435 4.81319
4.40000 1.02369 0.46634 0.10874 4.70668 4.81541
4.41000 1.02796 0.38665 0.07475 4.74246 4.81721
4.42000 1.03142 0.30657 0.04699 4.77161 4.81860
4.43000 1.03409 0.22614 0.02557 4.79405 4.81962
4.44000 1.03595 0.14538 0.01057 4.80972 4.82029
4.45000 1.03699 0.06435 0.00207 4.81857 4.82064
4.46000 1.03723 -0.01693 0.00014 4.82058 4.82072
4.47000 1.03666 -0.09841 0.00484 4.81571 4.82055
4.48000 1.03526 -0.18006 0.01621 4.80396 4.82017
4.49000 1.03305 -0.26183 0.03428 4.78533 4.81961
4.50000 1.03003 -0.34370 0.05907 4.75985 4.81891
4.51000 1.02618 -0.42562 0.09057 4.72753 4.81811
4.52000 1.02151 -0.50754 0.12880 4.68844 4.81724
4.53000 1.01603 -0.58943 0.17371 4.64262 4.81634
4.54000 1.00973 -0.67124 0.22528 4.59016 4.81545
4.55000 1.00260 -0.75293 0.28345 4.53115 4.81460
4.56000 0.99467 -0.83445 0.34815 4.46569 4.81384
4.57000 0.98592 -0.91575 0.41930 4.39390 4.81320
4.58000 0.97635 -0.99678 0.49679 4.31593 4.81272
4.59000 0.96598 -1.07750 0.58050 4.23194 4.81244
4.60000 0.95480 -1.15784 0.67030 4.14209 4.81239
4.61000 0.94283 -1.23775 0.76602 4.04659 4.81261
4.62000 0.93005 -1.31718 0.86748 3.94565 4.81313
4.63000 0.91648 -1.39606 0.97449 3.83950 4.81399
4.64000 0.90213 -1.47433 1.08682 3.72840 4.81522
4.65000 0.88700 -1.55192 1.20423 3.61263 4.81686
4.66000 0.87110 -1.62878 1.32646 3.49247 4.81893
4.67000 0.85443 -1.70482 1.45321 3.36826 4.82146
4.68000 0.83700 -1.77998 1.58417 3.24032 4.82449
4.69000 0.81883 -1.85419 1.71901 3.10903 4.82804
4.70000 0.79992 -1.92736 1.85737 2.97476 4.83213
4.71000 0.78029 -1.99943 1.99886 2.83792 4.83678
4.72000 0.75994 -2.07031 2.14309 2.69894 4.84203
4.73000 0.73889 -2.13992 2.28962 2.55825 4.84788
4.74000 0.71714 -2.20817 2.43802 2.41634 4.85436
4.75000 0.69473 -2.27499 2.58780 2.27368 4.86147
4.76000 0.67165 -2.34029 2.73848 2.13076 4.86924
4.77000 0.64793 -2.40398 2.88955 1.98812 4.87767
4.78000 0.62357 -2.46597 3.04050 1.84628 4.88678
4.79000 0.59861 -2.52617 3.19077 1.70578 4.89656
4.80000 0.57306 -2.58451 3.33984 1.56718 4.90702
4.81000 0.54693 -2.64088 3.48713 1.43103 4.91816
4.82000 0.52025 -2.69521 3.63208 1.29790 4.92998
4.83000 0.49303 -2.74741 3.77412 1.16835 4.94248
4.84000 0.46531 -2.79739 3.91269 1.04296 4.95564
4.85000 0.43709 -2.84507 4.04720 0.92227 4.96947
4.86000 0.40841 -2.89036 4.17710 0.80685 4.98395
4.87000 0.37929 -2.93320 4.30183 0.69723 4.99906
4.88000 0.34976 -2.97350 4.42085 0.59394 5.01479
4.89000 0.31983 -3.01119 4.53363 0.49748 5.03111
4.90000 0.28954 -3.04620 4.63967 0.40834 5.04802
4.91000 0.25892 -3.07847 4.73849 0.32699 5.06548
4.92000 0.22798 -3.10793 4.82963 0.25384 5.08347
4.93000 0.19677 -3.13454 4.91266 0.18930 5.10196
4.94000 0.16530 -3.15823 4.98720 0.13372 5.12092
4.95000 0.13361 -3.17896 5.05289 0.08744 5.14032
4.96000 0.10173 -3.19669 5.10942 0.05072 5.16014
4.97000 0.06969 -3.21139 5.15651 0.02381 5.18032
4.98000 0.03751 -3.22302 5.19394 0.00690 5.20084
4.99000 0.00524 -3.23157 5.22152 0.00013 5.22166
5.00000 -0.02711 -3.23701 5.23913 0.00360 5.24273
5.01000 -0.05949 -3.23934 5.24668 0.01735 5.26403
5.02000 -0.09188 -3.23856 5.24413 0.04138 5.28551
5.03000 -0.12425 -3.23465 5.23149 0.07563 5.30712
5.04000 -0.15657 -3.22764 5.20884 0.11999 5.32883
5.05000 -0.18879 -3.21754 5.17629 0.17431 5.35060
5.06000 -0.22091 -3.20437 5.13399 0.23839 5.37238
5.07000 -0.25287 -3.18815 5.08214 0.31198 5.39412
5.08000 -0.28466 -3.16892 5.02101 0.39478 5.41579
5.09000 -0.31624 -3.14671 4.95089 0.48646 5.43735
5.10000 -0.34758 -3.12157 4.87210 0.58665 5.45875
5.11000 -0.37866 -3.09355 4.78502 0.69494 5.47996
5.12000 -0.40945 -3.06269 4.69005 0.81088 5.50092
5.13000 -0.43991 -3.02907 4.58762 0.93399 5.52161
5.14000 -0.47002 -2.99272 4.47820 1.06379 5.54199
5.15000 -0.49975 -2.95373 4.36227 1.19975 5.56202
5.16000 -0.52908 -2.91216 4.24034 1.34132 5.58167
5.17000 -0.55799 -2.86808 4.11294 1.48795 5.60089
5.18000 -0.58644 -2.82156 3.98059 1.63908 5.61967
5.19000 -0.61441 -2.77267 3.84386 1.79411 5.63797
5.20000 -0.64188 -2.72150 3.70328 1.95248 5.65576
5.21000 -0.66883 -2.66812 3.55942 2.11360 5.67302
5.22000 -0.69524 -2.61260 3.41284 2.27689 5.68973
5.23000 -0.72108 -2.55503 3.26409 2.44176 5.70586
5.24000 -0.74633 -2.49549 3.11373 2.60765 5.72139
5.25000 -0.77098 -2.43405 2.96230 2.77400 5.73630
5.26000 -0.79501 -2.37080 2.81034 2.94026 5.75060
5.27000 -0.81839 -2.30580 2.65837 3.10588 5.76425
5.28000 -0.84112 -2.23915 2.50689 3.27036 5.77725
5.29000 -0.86317 -2.17090 2.35641 3.43318 5.78959
5.30000 -0.88453 -2.10115 2.20741 3.59387 5.80128
5.31000 -0.90519 -2.02995 2.06035 3.75195 5.81230
5.32000 -0.92513 -1.95738 1.91568 3.90698 5.82266
5.33000 -0.94433 -1.88352 1.77382 4.05854 5.83236
5.34000 -0.96279 -1.80841 1.63518 4.20622 5.84140
5.35000 -0.98050 -1.73214 1.50016 4.34964 5.84980
5.36000 -0.99743 -1.65476 1.36912 4.48844 5.85756
5.37000 -1.01359 -1.57633 1.24241 4.62228 5.86469
5.38000 -1.02895 -1.49692 1.12038 4.75083 5.87121
5.39000 -1.04352 -1.41657 1.00333 4.87381 5.87714
5.40000 -1.05728 -1.33534 0.89156 4.99092 5.88249
5.41000 -1.07023 -1.25328 0.78536 5.10193 5.88728
5.42000 -1.08235 -1.17044 0.68497 5.20657 5.89154
5.43000 -1.09363 -1.08688 0.59065 5.30464 5.89529
5.44000 -1.10408 -1.00262 0.50263 5.39593 5.89856
5.45000 -1.11368 -0.91773 0.42111 5.48026 5.90137
5.46000 -1.12243 -0.83223 0.34631 5.55745 5.90376
5.47000 -1.13033 -0.74618 0.27839 5.62736 5.90575
5.48000 -1.13735 -0.65961 0.21754 5.68983 5.90737
5.49000 -1.14352 -0.57255 0.16391 5.74476 5.90867
5.50000 -1.14880 -0.48505 0.11764 5.79203 5.90967
5.51000 -1.15322 -0.39714 0.07886 5.83155 5.91041
5.52000 -1.15675 -0.30885 0.04770 5.86323 5.91093
5.53000 -1.15939 -0.22023 0.02425 5.88701 5.91126
5.54000 -1.16115 -0.13130 0.00862 5.90282 5.91144
5.55000 -1.16202 -0.04210 0.00089 5.91063 5.91151
5.56000 -1.16199 0.04733 0.00112 5.91039 5.91151
5.57000 -1.16107 0.13697 0.00938 5.90210 5.91148
5.58000 -1.15925 0.22677 0.02571 5.88574 5.91146
5.59000 -1.15653 0.31670 0.05015 5.86133 5.91148
5.60000 -1.15292 0.40673 0.08272 5.82887 5.91159
5.61000 -1.14840 0.49682 0.12341 5.78841 5.91182
5.62000 -1.14298 0.58692 0.17224 5.73998 5.91222
5.63000 -1.13666 0.67700 0.22917 5.68365 5.91282
5.64000 -1.12944 0.76702 0.29416 5.61950 5.91366
5.65000 -1.12132 0.85693 0.36716 5.54762 5.91478
5.66000 -1.11230 0.94668 0.44810 5.46811 5.91622
5.67000 -1.10239 1.03624 0.53689 5.38111 5.91800
5.68000 -1.09158 1.12554 0.63342 5.28675 5.92017
5.69000 -1.07988 1.21453 0.73755 5.18521 5.92276
5.70000 -1.06729 1.30317 0.84912 5.07667 5.92579
5.71000 -1.05382 1.39138 0.96798 4.96133 5.92931
5.72000 -1.03946 1.47912 1.09390 4.83943 5.93333
5.73000 -1.02424 1.56631 1.22667 4.71123 5.93789
5.74000 -1.00814 1.65289 1.36603 4.57699 5.94302
5.75000 -0.99118 1.73879 1.51170 4.43703 5.94873
5.76000 -0.97337 1.82393 1.66337 4.29167 5.95504
5.77000 -0.95470 1.90825 1.82070 4.14128 5.96199
5.78000 -0.93520 1.99165 1.98333 3.98625 5.96957
5.79000 -0.91487 2.07405 2.15085 3.82697 5.97782
5.80000 -0.89373 2.15538 2.32283 3.66391 5.98674
5.81000 -0.87177 2.23554 2.49881 3.49754 5.99635
5.82000 -0.84902 2.31443 2.67830 3.32834 6.00664
5.83000 -0.82549 2.39197 2.86077 3.15686 6.01763
5.84000 -0.80118 2.46807 3.04567 2.98365 6.02932
5.85000 -0.77613 2.54261 3.23242 2.80929 6.04171
5.86000 -0.75034 2.61550 3.42041 2.63439 6.05481
5.87000 -0.72383 2.68663 3.60900 2.45959 6.06859
5.88000 -0.69661 2.75591 3.79753 2.28553 6.08306
5.89000 -0.66871 2.82323 3.98532 2.11288 6.09820
5.90000 -0.64015 2.88848 4.17167 1.94234 6.11401
5.91000 -0.61095 2.95156 4.35587 1.77461 6.13047
5.92000 -0.58113 3.01237 4.53718 1.61038 6.14756
5.93000 -0.55071 3.07079 4.71487 1.45039 6.16526
5.94000 -0.51972 3.12672 4.88820 1.29534 6.18354
5.95000 -0.48819 3.18007 5.05644 1.14596 6.20239
5.96000 -0.45613 3.23074 5.21884 1.00294 6.22178
5.97000 -0.42358 3.27862 5.37469 0.86698 6.24167
5.98000 -0.39057 3.32363 5.52327 0.73876 6.26203
5.99000 -0.35712 3.36568 5.66390 0.61893 6.28283
6.00000 -0.32326 3.40468 5.79592 0.50812 6.30404
6.01000 -0.28903 3.44055 5.91870 0.40692 6.32562
6.02000 -0.25446 3.47322 6.03163 0.31590 6.34753
6.03000 -0.21958 3.50262 6.13418 0.23555 6.36973
6.04000 -0.18442 3.52869 6.22582 0.16635 6.39218
6.05000 -0.14902 3.55137 6.30611 0.10872 6.41483
6.06000 -0.11341 3.57061 6.37463 0.06302 6.43765
6.07000 -0.07762 3.58638 6.43105 0.02954 6.46058
6.08000 -0.04169 3.59863 6.47507 0.00852 6.48360
6.09000 -0.00566 3.60735 6.50648 0.00016 6.50664
6.10000 0.03044 3.61251 6.52513 0.00455 6.52967
6.11000 0.06658 3.61411 6.53091 0.02174 6.55264
6.12000 0.10272 3.61215 6.52381 0.05170 6.57551
6.13000 0.13881 3.60663 6.50387 0.09436 6.59824
6.14000 0.17484 3.59756 6.47122 0.14955 6.62077
6.15000 0.21075 3.58497 6.42601 0.21706 6.64307
6.16000 0.24652 3.56889 6.36850 0.29659 6.66509
6.17000 0.28212 3.54936 6.29899 0.38781 6.68680
6.18000 0.31750 3.52643 6.21784 0.49031 6.70816
6.19000 0.35264 3.50013 6.12547 0.60365 6.72912
6.20000 0.38749 3.47054 6.02234 0.72731 6.74965
6.21000 0.42204 3.43772 5.90896 0.86076 6.76972
6.22000 0.45624 3.40174 5.78590 1.00339 6.78929
6.23000 0.49006 3.36266 5.65375 1.15459 6.80834
6.24000 0.52348 3.32058 5.51313 1.31370 6.82683
6.25000 0.55646 3.27557 5.36469 1.48004 6.84473
6.26000 0.58898 3.22773 5.20912 1.65291 6.86204
6.27000 0.62101 3.17714 5.04711 1.83160 6.87871
6.28000 0.65251 3.12390 4.87936 2.01537 6.89473
6.29000 0.68348 3.06809 4.70659 2.20350 6.91009
6.30000 0.71387 3.00982 4.52951 2.39526 6.92477
6.31000 0.74366 2.94918 4.34884 2.58991 6.93876
6.32000 0.77284 2.88628 4.16530 2.78675 6.95205
6.33000 0.80138 2.82120 3.97958 2.98505 6.96463
6.34000 0.82926 2.75404 3.79238 3.18412 6.97650
6.35000 0.85646 2.68491 3.60437 3.38329 6.98766
6.36000 0.88295 2.61389 3.41621 3.58190 6.99811
6.37000 0.90873 2.54107 3.22853 3.77932 7.00785
6.38000 0.93377 2.46656 3.04196 3.97493 7.01689
6.39000 0.95806 2.39043 2.85709 4.16815 7.02524
6.40000 0.98157 2.31278 2.67448 4.35843 7.03291
6.41000 1.00431 2.23369 2.49468 4.54523 7.03991
6.42000 1.02624 2.15323 2.31820 4.72805 7.04626
6.43000 1.04737 2.07149 2.14554 4.90643 7.05198
6.44000 1.06767 1.98855 1.97716 5.07992 7.05708
6.45000 1.08713 1.90447 1.81350 5.24810 7.06160
6.46000 1.10575 1.81932 1.65496 5.41059 7.06556
6.47000 1.12352 1.73317 1.50194 5.56703 7.06897
6.48000 1.14041 1.64608 1.35479 5.71708 7.07188
6.49000 1.15644 1.55811 1.21386 5.86044 7.07430
6.50000 1.17157 1.46932 1.07946 5.99683 7.07628
6.51000 1.18582 1.37976 0.95187 6.12597 7.07785
6.52000 1.19917 1.28948 0.83138 6.24765 7.07903
6.53000 1.21161 1.19853 0.71824 6.36163 7.07987
6.54000 1.22313 1.10695 0.61267 6.46773 7.08040
6.55000 1.23374 1.01478 0.51489 6.56576 7.08066
6.56000 1.24343 0.92207 0.42511 6.65558 7.08069
6.57000 1.25218 0.82886 0.34350 6.73702 7.08052
6.58000 1.26000 0.73517 0.27024 6.80997 7.08021
6.59000 1.26689 0.64105 0.20547 6.87432 7.07979
6.60000 1.27282 0.54652 0.14934 6.92995 7.07929
6.61000 1.27781 0.45162 0.10198 6.97679 7.07877
6.62000 1.28185 0.35637 0.06350 7.01476 7.07826
6.63000 1.28494 0.26082 0.03401 7.04379 7.07781
6.64000 1.28707 0.16498 0.01361 7.06384 7.07745
6.65000 1.28824 0.06888 0.00237 7.07485 7.07723
6.66000 1.28845 -0.02744 0.00038 7.07681 7.07718
6.67000 1.28769 -0.12396 0.00768 7.06968 7.07736
6.68000 1.28597 -0.22065 0.02434 7.05345 7.07780
6.69000 1.28328 -0.31748 0.05040 7.02813 7.07853
6.70000 1.27962 -0.41442 0.08587 6.99373 7.07960
6.71000 1.27499 -0.51143 0.13078 6.95026 7.08104
6.72000 1.26939 -0.60849 0.18513 6.89776 7.08289
6.73000 1.26282 -0.70556 0.24891 6.83627 7.08518
6.74000 1.25528 -0.80260 0.32208 6.76586 7.08795
6.75000 1.24677 -0.89958 0.40462 6.68660 7.09122
6.76000 1.23729 -0.99645 0.49645 6.59858 7.09504
6.77000 1.22684 -1.09317 0.59751 6.50191 7.09942
6.78000 1.21542 -1.18969 0.70768 6.39671 7.10439
6.79000 1.20304 -1.28597 0.82685 6.28313 7.10998
6.80000 1.18971 -1.38194 0.95488 6.16133 7.11621
6.81000 1.17541 -1.47756 1.09160 6.03151 7.12311
6.82000 1.16016 -1.57277 1.23680 5.89388 7.13068
6.83000 1.14395 -1.66750 1.39027 5.74867 7.13894
6.84000 1.12681 -1.76168 1.55176 5.59616 7.14792
6.85000 1.10872 -1.85524 1.72097 5.43664 7.15761
6.86000 1.08970 -1.94812 1.89758 5.27045 7.16803
6.87000 1.06976 -2.04022 2.08125 5.09794 7.17918
6.88000 1.04890 -2.13147 2.27157 4.91950 7.19107
6.89000 1.02714 -2.22177 2.46813 4.73556 7.20369
6.90000 1.00447 -2.31104 2.67045 4.54660 7.21704
6.91000 0.98092 -2.39918 2.87802 4.35310 7.23112
6.92000 0.95649 -2.48609 3.09031 4.15561 7.24592
6.93000 0.93120 -2.57166 3.30672 3.95470 7.26143
6.94000 0.90506 -2.65580 3.52663 3.75099 7.27762
6.95000 0.87809 -2.73838 3.74937 3.54512 7.29450
6.96000 0.85030 -2.81931 3.97424 3.33778 7.31203
6.97000 0.82171 -2.89845 4.20050 3.12969 7.33019
6.98000 0.79234 -2.97569 4.42737 2.92159 7.34896
6.99000 0.76220 -3.05091 4.65404 2.71427 7.36831
7.00000 0.73133 -3.12400 4.87968 2.50853 7.38821
7.01000 0.69973 -3.19482 5.10343 2.30520 7.40863
7.02000 0.66744 -3.26325 5.32440 2.10513 7.42953
7.03000 0.63447 -3.32917 5.54169 1.90919 7.45088
7.04000 0.60086 -3.39246 5.75438 1.71825 7.47263
7.05000 0.56663 -3.45299 5.96157 1.53318 7.49475
7.06000 0.53181 -3.51065 6.16232 1.35487 7.51719
7.07000 0.49643 -3.56531 6.35572 1.18419 7.53991
7.08000 0.46052 -3.61687 6.54088 1.02198 7.56286
7.09000 0.42411 -3.66522 6.71691 0.86909 7.58600
7.10000 0.38722 -3.71024 6.88295 0.72633 7.60928
7.11000 0.34991 -3.75185 7.03819 0.59446 7.63265
7.12000 0.31220 -3.78994 7.18184 0.47421 7.65605
7.13000 0.27412 -3.82444 7.31317 0.36628 7.67945
7.14000 0.23572 -3.85526 7.43151 0.27129 7.70280
7.15000 0.19703 -3.88233 7.53623 0.18980 7.72603
7.16000 0.15809 -3.90558 7.62678 0.12233 7.74911
7.17000 0.11893 -3.92497 7.70269 0.06930 7.77199
7.18000 0.07960 -3.94044 7.76355 0.03106 7.79461
7.19000 0.04014 -3.95197 7.80904 0.00790 7.81694
7.20000 0.00058 -3.95952 7.83892 0.00000 7.83892
7.21000 -0.03904 -3.96309 7.85304 0.00747 7.86051
7.22000 -0.07867 -3.96266 7.85134 0.03034 7.88168
7.23000 -0.11828 -3.95824 7.83383 0.06854 7.90237
7.24000 -0.15782 -3.94984 7.80063 0.12192 7.92255
7.25000 -0.19726 -3.93750 7.75194 0.19025 7.94219
7.26000 -0.23656 -3.92123 7.68804 0.27321 7.96125
7.27000 -0.27567 -3.90110 7.60928 0.37041 7.97969
7.28000 -0.31457 -3.87714 7.51610 0.48138 7.99748
7.29000 -0.35321 -3.84942 7.40903 0.60558 8.01461
7.30000 -0.39155 -3.81802 7.28862 0.74242 8.03104
7.31000 -0.42955 -3.78300 7.15553 0.89122 8.04675
7.32000 -0.46719 -3.74445 7.01044 1.05128 8.06172
7.33000 -0.50443 -3.70246 6.85410 1.22184 8.07594
7.34000 -0.54123 -3.65713 6.68729 1.40210 8.08939
7.35000 -0.57756 -3.60856 6.51084 1.59122 8.10206
7.36000 -0.61339 -3.55685 6.32558 1.78836 8.11394
7.37000 -0.64869 -3.50211 6.13239 1.99264 8.12503
7.38000 -0.68342 -3.44446 5.93215 2.20318 8.13533
7.39000 -0.71757 -3.38401 5.72575 2.41908 8.14483
7.40000 -0.75110 -3.32087 5.51408 2.63946 8.15355
7.41000 -0.78398 -3.25516 5.29804 2.86344 8.16148
7.42000 -0.81619 -3.18700 5.07849 3.09014 8.16863
7.43000 -0.84771 -3.11651 4.85631 3.31871 8.17502
7.44000 -0.87851 -3.04380 4.63235 3.54832 8.18066
7.45000 -0.90858 -2.96898 4.40742 3.77816 8.18557
7.46000 -0.93789 -2.89217 4.18232 4.00745 8.18977
7.47000 -0.96642 -2.81348 3.95783 4.23545 8.19328
7.48000 -0.99415 -2.73301 3.73468 4.46144 8.19612
7.49000 -1.02107 -2.65088 3.51358 4.68474 8.19831
7.50000 -1.04716 -2.56718 3.29520 4.90470 8.19990
7.51000 -1.07241 -2.48200 3.08017 5.12073 8.20090
7.52000 -1.09680 -2.39545 2.86910 5.33225 8.20135
7.53000 -1.12031 -2.30762 2.66255 5.53873 8.20129
7.54000 -1.14295 -2.21858 2.46106 5.73968 8.20074
7.55000 -1.16468 -2.12843 2.26511 5.93464 8.19974
7.56000 -1.18551 -2.03724 2.07517 6.12318 8.19834
7.57000 -1.20542 -1.94508 1.89166 6.30492 8.19658
7.58000 -1.22441 -1.85202 1.71498 6.47950 8.19448
7.59000 -1.24246 -1.75812 1.54550 6.64660 8.19210
7.60000 -1.25957 -1.66346 1.38355 6.80592 8.18947
7.61000 -1.27573 -1.56808 1.22944 6.95720 8.18664
7.62000 -1.29093 -1.47204 1.08345 7.10021 8.18366
7.63000 -1.30517 -1.37539 0.94584 7.23471 8.18056
7.64000 -1.31844 -1.27817 0.81685 7.36053 8.17739
7.65000 -1.33073 -1.18042 0.69670 7.47749 8.17419
7.66000 -1.34204 -1.08219 0.58557 7.58544 8.17101
7.67000 -1.35237 -0.98352 0.48366 7.68425 8.16790
7.68000 -1.36171 -0.88443 0.39111 7.77379 8.16490
7.69000 -1.37006 -0.78496 0.30808 7.85396 8.16204
7.70000 -1.37741 -0.68514 0.23471 7.92468 8.15938
7.71000 -1.38376 -0.58499 0.17111 7.98585 8.15696
7.72000 -1.38911 -0.48455 0.11739 8.03743 8.15482
7.73000 -1.39345 -0.38383 0.07366 8.07934 8.15300
7.74000 -1.39678 -0.28286 0.04000 8.11154 8.15154
7.75000 -1.39911 -0.18166 0.01650 8.13399 8.15049
7.76000 -1.40042 -0.08025 0.00322 8.14665 8.14987
7.77000 -1.40071 0.02134 0.00023 8.14950 8.14972
7.78000 -1.39999 0.12309 0.00758 8.14252 8.15009
7.79000 -1.39825 0.22498 0.02531 8.12570 8.15100
7.80000 -1.39549 0.32700 0.05346 8.09903 8.15249
7.81000 -1.39171 0.42910 0.09207 8.06253 8.15459
7.82000 -1.38691 0.53128 0.14113 8.01619 8.15732
7.83000 -1.38108 0.63350 0.20066 7.96005 8.16072
7.84000 -1.37424 0.73574 0.27065 7.89414 8.16480
7.85000 -1.36637 0.83796 0.35109 7.81850 8.16958
7.86000 -1.35748 0.94013 0.44192 7.73318 8.17510
7.87000 -1.34757 1.04222 0.54311 7.63825 8.18136
7.88000 -1.33663 1.14419 0.65459 7.53380 8.18839
7.89000 -1.32468 1.24600 0.77626 7.41992 8.19618
7.90000 -1.31171 1.34760 0.90802 7.29674 8.20476
7.91000 -1.29773 1.44895 1.04973 7.16440 8.21413
7.92000 -1.28274 1.54999 1.20123 7.02305 8.22428
7.93000 -1.26673 1.65067 1.36235 6.87289 8.23524
7.94000 -1.24972 1.75092 1.53286 6.71412 8.24698
7.95000 -1.23172 1.85069 1.71252 6.54700 8.25952
7.96000 -1.21271 1.94989 1.90104 6.37179 8.27283
7.97000 -1.19272 2.04846 2.09810 6.18880 8.28691
7.98000 -1.17175 2.14633 2.30336 5.99838 8.30174
7.99000 -1.14980 2.24339 2.51640 5.80091 8.31731
8.00000 -1.12688 2.33957 2.73679 5.59681 8.33360
8.01000 -1.10301 2.43476 2.96404 5.38654 8.35058
8.02000 -1.07819 2.52888 3.19762 5.17061 8.36823
8.03000 -1.05243 2.62182 3.43696 4.94956 8.38652
8.04000 -1.02576 2.71346 3.68142 4.72399 8.40541
8.05000 -0.99817 2.80369 3.93033 4.49454 8.42487
8.06000 -0.96969 2.89239 4.18297 4.26189 8.44486
8.07000 -0.94033 2.97945 4.43857 4.02678 8.46535
8.08000 -0.91011 3.06474 4.69632 3.78997 8.48629
8.09000 -0.87904 3.14812 4.95534 3.55229 8.50762
8.10000 -0.84715 3.22947 5.21474 3.31458 8.52932
8.11000 -0.81446 3.30864 5.47357 3.07776 8.55132
8.12000 -0.78098 3.38551 5.73085 2.84273 8.57358
8.13000 -0.74676 3.45993 5.98557 2.61047 8.59604
8.14000 -0.71179 3.53177 6.23669 2.38196 8.61865
8.15000 -0.67613 3.60088 6.48316 2.15819 8.64135
8.16000 -0.63979 3.66712 6.72389 1.94019 8.66408
8.17000 -0.60280 3.73037 6.95782 1.72898 8.68680
8.18000 -0.56519 3.79048 7.18386 1.52558 8.70944
8.19000 -0.52700 3.84732 7.40093 1.33101 8.73194
8.20000 -0.48825 3.90076 7.60798 1.14627 8.75425
8.21000 -0.44899 3.95069 7.80398 0.97233 8.77631
8.22000 -0.40925 3.99698 7.98793 0.81012 8.79806
8.23000 -0.36907 4.03953 8.15889 0.66056 8.81945
8.24000 -0.32847 4.07822 8.31594 0.52449 8.84043
8.25000 -0.28752 4.11297 8.45824 0.40269 8.86093
8.26000 -0.24623 4.14368 8.58504 0.29588 8.88092
8.27000 -0.20466 4.17028 8.69562 0.20473 8.90034
8.28000 -0.16284 4.19270 8.78937 0.12977 8.91915
8.29000 -0.12082 4.21089 8.86579 0.07151 8.93730
8.30000 -0.07863 4.22479 8.92443 0.03031 8.95474
8.31000 -0.03633 4.23438 8.96498 0.00647 8.97145
8.32000 0.00604 4.23962 8.98721 0.00018 8.98739
8.33000 0.04844 4.24052 8.99101 0.01151 9.00252
8.34000 0.09084 4.23707 8.97637 0.04044 9.01681
8.35000 0.13317 4.22928 8.94338 0.08686 9.03024
8.36000 0.17541 4.21717 8.89226 0.15053 9.04279
8.37000 0.21750 4.20079 8.82331 0.23112 9.05444
8.38000 0.25941 4.18018 8.73694 0.32822 9.06516
8.39000 0.30109 4.15539 8.63365 0.44131 9.07496
8.40000 0.34250 4.12651 8.51403 0.56979 9.08382
8.41000 0.38361 4.09359 8.37875 0.71298 9.09173
8.42000 0.42436 4.05674 8.22858 0.87013 9.09870
8.43000 0.46473 4.01605 8.06432 1.04041 9.10473
8.44000 0.50467 3.97161 7.88686 1.22297 9.10983
8.45000 0.54415 3.92355 7.69713 1.41687 9.11400
8.46000 0.58313 3.87197 7.49609 1.62116 9.11725
8.47000 0.62158 3.81701 7.28476 1.83485 9.11961
8.48000 0.65946 3.75877 7.06417 2.05692 9.12109
8.49000 0.69674 3.69740 6.83537 2.28634 9.12171
8.50000 0.73340 3.63302 6.59940 2.52210 9.12150
8.51000 0.76939 3.56576 6.35733 2.76314 9.12048
8.52000 0.80470 3.49577 6.11021 3.00847 9.11868
8.53000 0.83930 3.42318 5.85907 3.25707 9.11614
8.54000 0.87316 3.34812 5.60494 3.50796 9.11289
8.55000 0.90625 3.27072 5.34879 3.76018 9.10897
8.56000 0.93856 3.19111 5.09160 4.01281 9.10441
8.57000 0.97007 3.10944 4.83429 4.26497 9.09926
8.58000 1.00075 3.02581 4.57776 4.51580 9.09355
8.59000 1.03058 2.94036 4.32285 4.76449 9.08734
8.60000 1.05955 2.85320 4.07036 5.01029 9.08066
8.61000 1.08764 2.76444 3.82108 5.25248 9.07356
8.62000 1.11483 2.67421 3.57571 5.49038 9.06608
8.63000 1.14112 2.58261 3.33493 5.72336 9.05828
8.64000 1.16648 2.48973 3.09937 5.95084 9.05021
8.65000 1.19091 2.39567 2.86962 6.17228 9.04190
8.66000 1.21439 2.30053 2.64621 6.38720 9.03341
8.67000 1.23691 2.20439 2.42966 6.59514 9.02480
8.68000 1.25847 2.10733 2.22042 6.79569 9.01610
8.69000 1.27906 2.00943 2.01890 6.98848 9.00738
8.70000 1.29866 1.91076 1.82549 7.17317 8.99867
8.71000 1.31727 1.81138 1.64055 7.34948 8.99003
8.72000 1.33489 1.71136 1.46438 7.51712 8.98150
8.73000 1.35150 1.61076 1.29727 7.67587 8.97314
8.74000 1.36710 1.50962 1.13948 7.82552 8.96500
8.75000 1.38169 1.40800 0.99123 7.96588 8.95711
8.76000 1.39526 1.30594 0.85273 8.09679 8.94953
8.77000 1.40780 1.20347 0.72417 8.21812 8.94230
8.78000 1.41933 1.10064 0.60571 8.32975 8.93546
8.79000 1.42982 0.99749 0.49749 8.43156 8.92905
8.80000 1.43927 0.89403 0.39964 8.52349 8.92313
8.81000 1.44770 0.79030 0.31229 8.60544 8.91772
8.82000 1.45508 0.68633 0.23552 8.67735 8.91287
8.83000 1.46142 0.58213 0.16944 8.73918 8.90861
8.84000 1.46672 0.47773 0.11411 8.79087 8.90498
8.85000 1.47098 0.37315 0.06962 8.83239 8.90201
8.86000 1.47418 0.26841 0.03602 8.86371 8.89973
8.87000 1.47634 0.16352 0.01337 8.88480 8.89817
8.88000 1.47745 0.05850 0.00171 8.89564 8.89735
8.89000 1.47751 -0.04662 0.00109 8.89622 8.89731
8.90000 1.47652 -0.15184 0.01153 8.88653 8.89806
8.91000 1.47448 -0.25714 0.03306 8.86656 8.89962
8.92000 1.47138 -0.36249 0.06570 8.83631 8.90201
8.93000 1.46723 -0.46789 0.10946 8.79579 8.90525
8.94000 1.46202 -0.57330 0.16434 8.74501 8.90935
8.95000 1.45576 -0.67872 0.23033 8.68398 8.91431
8.96000 1.44845 -0.78410 0.30741 8.61274 8.92015
8.97000 1.44008 -0.88944 0.39555 8.53131 8.92686
8.98000 1.43066 -0.99470 0.49471 8.43973 8.93444
8.99000 1.42018 -1.09984 0.60483 8.33808 8.94291
9.00000 1.40866 -1.20484 0.72582 8.22641 8.95224
9.01000 1.39609 -1.30966 0.85761 8.10482 8.96243
9.02000 1.38247 -1.41426 1.00006 7.97341 8.97347
9.03000 1.36780 -1.51858 1.15304 7.83230 8.98534
9.04000 1.35210 -1.62259 1.31639 7.68163 8.99803
9.05000 1.33535 -1.72622 1.48992 7.52159 9.01151
9.06000 1.31758 -1.82942 1.67339 7.35236 9.02575
9.07000 1.29877 -1.93213 1.86656 7.17418 9.04074
9.08000 1.27893 -2.03427 2.06913 6.98731 9.05644
9.09000 1.25808 -2.13578 2.28077 6.79204 9.07282
9.10000 1.23622 -2.23657 2.50111 6.58871 9.08983
9.11000 1.21336 -2.33655 2.72974 6.37769 9.10744
9.12000 1.18949 -2.43565 2.96620 6.15940 9.12560
9.13000 1.16465 -2.53376 3.20997 5.93430 9.14427
9.14000 1.13882 -2.63078 3.46050 5.70290 9.16340
9.15000 1.11203 -2.72660 3.71718 5.46575 9.18293
9.16000 1.08429 -2.82112 3.97935 5.22346 9.20282
9.17000 1.05562 -2.91421 4.24630 4.97670 9.22300
9.18000 1.02602 -3.00575 4.51727 4.72615 9.24342
9.19000 0.99551 -3.09562 4.79142 4.47260 9.26401
9.20000 0.96411 -3.18367 5.06789 4.21684 9.28472
9.21000 0.93184 -3.26979 5.34576 3.95973 9.30548
9.22000 0.89872 -3.35382 5.62405 3.70217 9.32623
9.23000 0.86477 -3.43563 5.90176 3.44513 9.34689
9.24000 0.83002 -3.51506 6.17783 3.18958 9.36741
9.25000 0.79448 -3.59198 6.45116 2.93655 9.38771
9.26000 0.75818 -3.66623 6.72063 2.68710 9.40773
9.27000 0.72116 -3.73767 6.98509 2.44231 9.42740
9.28000 0.68344 -3.80615 7.24338 2.20328 9.44666
9.29000 0.64505 -3.87152 7.49432 1.97113 9.46544
9.30000 0.60602 -3.93363 7.73672 1.74696 9.48368
9.31000 0.56639 -3.99235 7.96942 1.53189 9.50131
9.32000 0.52619 -4.04753 8.19127 1.32701 9.51828
9.33000 0.48545 -4.09905 8.40112 1.13340 9.53452
9.34000 0.44422 -4.14678 8.59790 0.95209 9.54999
9.35000 0.40253 -4.19059 8.78054 0.78408 9.56462
9.36000 0.36042 -4.23038 8.94807 0.63030 9.57837
9.37000 0.31793 -4.26604 9.09955 0.49164 9.59120
9.38000 0.27511 -4.29747 9.23414 0.36891 9.60305
9.39000 0.23200 -4.32460 9.35108 0.26282 9.61390
9.40000 0.18864 -4.34734 9.44969 0.17402 9.62371
9.41000 0.14507 -4.36564 9.52941 0.10304 9.63245
9.42000 0.10134 -4.37944 9.58976 0.05033 9.64009
9.43000 0.05749 -4.38871 9.63040 0.01621 9.64661
9.44000 0.01358 -4.39343 9.65109 0.00090 9.65200
9.45000 -0.03036 -4.39357 9.65172 0.00452 9.65624
9.46000 -0.07428 -4.38914 9.63228 0.02705 9.65933
9.47000 -0.11813 -4.38016 9.59290 0.06837 9.66126
9.48000 -0.16187 -4.36665 9.53381 0.12823 9.66204
9.49000 -0.20545 -4.34865 9.45537 0.20630 9.66168
9.50000 -0.24882 -4.32621 9.35805 0.30212 9.66018
9.51000 -0.29196 -4.29940 9.24242 0.41513 9.65756
9.52000 -0.33480 -4.26829 9.10915 0.54468 9.65384
9.53000 -0.37731 -4.23297 8.95901 0.69003 9.64904
9.54000 -0.41944 -4.19353 8.79283 0.85037 9.64320
9.55000 -0.46116 -4.15007 8.61154 1.02480 9.63634
9.56000 -0.50243 -4.10271 8.41613 1.21238 9.62851
9.57000 -0.54321 -4.05158 8.20764 1.41209 9.61973
9.58000 -0.58345 -3.99679 7.98715 1.62290 9.61005
9.59000 -0.62313 -3.93847 7.75578 1.84373 9.59951
9.60000 -0.66221 -3.87677 7.51469 2.07348 9.58817
9.61000 -0.70065 -3.81183 7.26503 2.31104 9.57606
9.62000 -0.73844 -3.74379 7.00797 2.55528 9.56325
9.63000 -0.77552 -3.67279 6.74468 2.80510 9.54978
9.64000 -0.81188 -3.59897 6.47631 3.05940 9.53571
9.65000 -0.84749 -3.52250 6.20400 3.31710 9.52110
9.66000 -0.88232 -3.44351 5.92887 3.57713 9.50600
9.67000 -0.91635 -3.36214 5.65198 3.83848 9.49047
9.68000 -0.94956 -3.27854 5.37440 4.10017 9.47457
9.69000 -0.98192 -3.19284 5.09712 4.36124 9.45836
9.70000 -1.01341 -3.10519 4.82110 4.62080 9.44190
9.71000 -1.04401 -3.01571 4.54726 4.87799 9.42525
9.72000 -1.07372 -2.92454 4.27646 5.13200 9.40846
9.73000 -1.10250 -2.83179 4.00951 5.38210 9.39161
9.74000 -1.13035 -2.73758 3.74718 5.62756 9.37474
9.75000 -1.15725 -2.64204 3.49018 5.86774 9.35792
9.76000 -1.18319 -2.54526 3.23917 6.10204 9.34121
9.77000 -1.20815 -2.44735 2.99476 6.32990 9.32465
9.78000 -1.23213 -2.34840 2.75750 6.55082 9.30832
9.79000 -1.25511 -2.24852 2.52791 6.76434 9.29225
9.80000 -1.27710 -2.14777 2.30647 6.97004 9.27651
9.81000 -1.29807 -2.04625 2.09358 7.16757 9.26115
9.82000 -1.31802 -1.94403 1.88963 7.35658 9.24621
9.83000 -1.33695 -1.84118 1.69498 7.53677 9.23175
9.84000 -1.35484 -1.73776 1.50991 7.70790 9.21781
9.85000 -1.37170 -1.63384 1.33471 7.86973 9.20445
9.86000 -1.38752 -1.52946 1.16963 8.02207 9.19169
9.87000 -1.40229 -1.42468 1.01486 8.16473 9.17959
9.88000 -1.41601 -1.31955 0.87060 8.29759 9.16819
9.89000 -1.42868 -1.21409 0.73701 8.42050 9.15751
9.90000 -1.44029 -1.10837 0.61424 8.53336 9.14760
9.91000 -1.45084 -1.00240 0.50240 8.63608 9.13848
9.92000 -1.46034 -0.89622 0.40161 8.72859 9.13020
9.93000 -1.46877 -0.78986 0.31194 8.81083 9.12277
9.94000 -1.47613 -0.68334 0.23348 8.88274 9.11622
9.95000 -1.48243 -0.57669 0.16629 8.94429 9.11058
9.96000 -1.48767 -0.46993 0.11042 8.99544 9.10586
9.97000 -1.49183 -0.36308 0.06591 9.03616 9.10208
9.98000 -1.49493 -0.25616 0.03281 9.06645 9.09926
9.99000 -1.49695 -0.14918 0.01113 9.08627 9.09740
