# t theta omega E_kin E_pot E_tot
0.00000 0.78540 0.20000 0.02000 2.87328 2.89328
0.01000 0.78705 0.13057 0.02000 2.87328 2.89328
0.02000 0.78801 0.06105 0.02000 2.87328 2.89328
0.03000 0.78827 -0.00851 0.02000 2.87328 2.89328
0.04000 0.78784 -0.07806 0.02000 2.87328 2.89328
0.05000 0.78671 -0.14757 0.02000 2.87328 2.89328
0.06000 0.78489 -0.21696 0.02000 2.87328 2.89328
0.07000 0.78237 -0.28621 0.02000 2.87328 2.89328
0.08000 0.77916 -0.35526 0.02000 2.87328 2.89328
0.09000 0.77527 -0.42406 0.02000 2.87328 2.89328
0.10000 0.77068 -0.49257 0.02000 2.87328 2.89328
0.11000 0.76542 -0.56072 0.02000 2.87328 2.89328
0.12000 0.75947 -0.62849 0.02000 2.87328 2.89328
0.13000 0.75285 -0.69580 0.02000 2.87328 2.89328
0.14000 0.74556 -0.76261 0.02000 2.87328 2.89328
0.15000 0.73760 -0.82888 0.02000 2.87328 2.89328
0.16000 0.72898 -0.89454 0.02000 2.87328 2.89328
0.17000 0.71971 -0.95955 0.02000 2.87328 2.89328
0.18000 0.70979 -1.02385 0.02000 2.87328 2.89328
0.19000 0.69924 -1.08739 0.02000 2.87328 2.89328
0.20000 0.68805 -1.15012 0.02000 2.87328 2.89328
0.21000 0.67624 -1.21197 0.02000 2.87328 2.89328
0.22000 0.66381 -1.27289 0.02000 2.87328 2.89328
0.23000 0.65078 -1.33283 0.02000 2.87328 2.89328
0.24000 0.63716 -1.39173 0.02000 2.87328 2.89328
0.25000 0.62295 -1.44954 0.02000 2.87328 2.89328
0.26000 0.60817 -1.50618 0.02000 2.87328 2.89328
0.27000 0.59283 -1.56162 0.02000 2.87328 2.89328
0.28000 0.57694 -1.61578 0.02000 2.87328 2.89328
0.29000 0.56052 -1.66862 0.02000 2.87328 2.89328
0.30000 0.54358 -1.72007 0.02000 2.87328 2.89328
0.31000 0.52612 -1.77007 0.02000 2.87328 2.89328
0.32000 0.50818 -1.81858 0.02000 2.87328 2.89328
0.33000 0.48976 -1.86552 0.02000 2.87328 2.89328
0.34000 0.47087 -1.91085 0.02000 2.87328 2.89328
0.35000 0.45155 -1.95451 0.02000 2.87328 2.89328
0.36000 0.43179 -1.99645 0.02000 2.87328 2.89328
0.37000 0.41162 -2.03661 0.02000 2.87328 2.89328
0.38000 0.39106 -2.07493 0.02000 2.87328 2.89328
0.39000 0.37013 -2.11138 0.02000 2.87328 2.89328
0.40000 0.34884 -2.14589 0.02000 2.87328 2.89328
0.41000 0.32722 -2.17842 0.02000 2.87328 2.89328
0.42000 0.30528 -2.20893 0.02000 2.87328 2.89328
0.43000 0.28305 -2.23738 0.02000 2.87328 2.89328
0.44000 0.26054 -2.26372 0.02000 2.87328 2.89328
0.45000 0.23778 -2.28791 0.02000 2.87328 2.89328
0.46000 0.21479 -2.30992 0.02000 2.87328 2.89328
0.47000 0.19159 -2.32972 0.02000 2.87328 2.89328
0.48000 0.16820 -2.34727 0.02000 2.87328 2.89328
0.49000 0.14465 -2.36255 0.02000 2.87328 2.89328
0.50000 0.12096 -2.37554 0.02000 2.87328 2.89328
0.51000 0.09715 -2.38622 0.02000 2.87328 2.89328
0.52000 0.07324 -2.39457 0.02000 2.87328 2.89328
0.53000 0.04926 -2.40058 0.02000 2.87328 2.89328
0.54000 0.02524 -2.40423 0.02000 2.87328 2.89328
0.55000 0.00119 -2.40553 0.02000 2.87328 2.89328
0.56000 -0.02286 -2.40446 0.02000 2.87328 2.89328
0.57000 -0.04689 -2.40104 0.02000 2.87328 2.89328
0.58000 -0.07088 -2.39527 0.02000 2.87328 2.89328
0.59000 -0.09479 -2.38715 0.02000 2.87328 2.89328
0.60000 -0.11861 -2.37670 0.02000 2.87328 2.89328
0.61000 -0.14232 -2.36394 0.02000 2.87328 2.89328
0.62000 -0.16588 -2.34888 0.02000 2.87328 2.89328
0.63000 -0.18929 -2.33155 0.02000 2.87328 2.89328
0.64000 -0.21251 -2.31197 0.02000 2.87328 2.89328
0.65000 -0.23552 -2.29018 0.02000 2.87328 2.89328
0.66000 -0.25830 -2.26620 0.02000 2.87328 2.89328
0.67000 -0.28084 -2.24007 0.02000 2.87328 2.89328
0.68000 -0.30310 -2.21184 0.02000 2.87328 2.89328
0.69000 -0.32507 -2.18153 0.02000 2.87328 2.89328
0.70000 -0.34672 -2.14919 0.02000 2.87328 2.89328
0.71000 -0.36804 -2.11487 0.02000 2.87328 2.89328
0.72000 -0.38901 -2.07861 0.02000 2.87328 2.89328
0.73000 -0.40961 -2.04047 0.02000 2.87328 2.89328
0.74000 -0.42982 -2.00049 0.02000 2.87328 2.89328
0.75000 -0.44961 -1.95873 0.02000 2.87328 2.89328
0.76000 -0.46898 -1.91524 0.02000 2.87328 2.89328
0.77000 -0.48791 -1.87007 0.02000 2.87328 2.89328
0.78000 -0.50638 -1.82328 0.02000 2.87328 2.89328
0.79000 -0.52437 -1.77493 0.02000 2.87328 2.89328
0.80000 -0.54187 -1.72507 0.02000 2.87328 2.89328
0.81000 -0.55887 -1.67376 0.02000 2.87328 2.89328
0.82000 -0.57535 -1.62106 0.02000 2.87328 2.89328
0.83000 -0.59129 -1.56702 0.02000 2.87328 2.89328
0.84000 -0.60668 -1.51171 0.02000 2.87328 2.89328
0.85000 -0.62152 -1.45518 0.02000 2.87328 2.89328
0.86000 -0.63578 -1.39749 0.02000 2.87328 2.89328
0.87000 -0.64946 -1.33869 0.02000 2.87328 2.89328
0.88000 -0.66255 -1.27885 0.02000 2.87328 2.89328
0.89000 -0.67504 -1.21803 0.02000 2.87328 2.89328
0.90000 -0.68691 -1.15626 0.02000 2.87328 2.89328
0.91000 -0.69816 -1.09362 0.02000 2.87328 2.89328
0.92000 -0.70878 -1.03016 0.02000 2.87328 2.89328
0.93000 -0.71876 -0.96593 0.02000 2.87328 2.89328
0.94000 -0.72809 -0.90099 0.02000 2.87328 2.89328
0.95000 -0.73678 -0.83539 0.02000 2.87328 2.89328
0.96000 -0.74480 -0.76918 0.02000 2.87328 2.89328
0.97000 -0.75216 -0.70242 0.02000 2.87328 2.89328
0.98000 -0.75885 -0.63515 0.02000 2.87328 2.89328
0.99000 -0.76486 -0.56743 0.02000 2.87328 2.89328
1.00000 -0.77019 -0.49931 0.02000 2.87328 2.89328
1.01000 -0.77485 -0.43084 0.02000 2.87328 2.89328
1.02000 -0.77881 -0.36207 0.02000 2.87328 2.89328
1.03000 -0.78209 -0.29304 0.02000 2.87328 2.89328
1.04000 -0.78467 -0.22381 0.02000 2.87328 2.89328
1.05000 -0.78656 -0.15442 0.02000 2.87328 2.89328
1.06000 -0.78776 -0.08493 0.02000 2.87328 2.89328
1.07000 -0.78826 -0.01538 0.02000 2.87328 2.89328
1.08000 -0.78807 0.05419 0.02000 2.87328 2.89328
1.09000 -0.78718 0.12371 0.02000 2.87328 2.89328
1.10000 -0.78559 0.19315 0.02000 2.87328 2.89328
1.11000 -0.78331 0.26246 0.02000 2.87328 2.89328
1.12000 -0.78034 0.33158 0.02000 2.87328 2.89328
1.13000 -0.77668 0.40047 0.02000 2.87328 2.89328
1.14000 -0.77234 0.46908 0.02000 2.87328 2.89328
1.15000 -0.76730 0.53737 0.02000 2.87328 2.89328
1.16000 -0.76159 0.60527 0.02000 2.87328 2.89328
1.17000 -0.75520 0.67274 0.02000 2.87328 2.89328
1.18000 -0.74814 0.73973 0.02000 2.87328 2.89328
1.19000 -0.74041 0.80619 0.02000 2.87328 2.89328
1.20000 -0.73201 0.87207 0.02000 2.87328 2.89328
1.21000 -0.72297 0.93731 0.02000 2.87328 2.89328
1.22000 -0.71327 1.00186 0.02000 2.87328 2.89328
1.23000 -0.70293 1.06567 0.02000 2.87328 2.89328
1.24000 -0.69196 1.12868 0.02000 2.87328 2.89328
1.25000 -0.68036 1.19083 0.02000 2.87328 2.89328
1.26000 -0.66815 1.25208 0.02000 2.87328 2.89328
1.27000 -0.65532 1.31237 0.02000 2.87328 2.89328
1.28000 -0.64190 1.37163 0.02000 2.87328 2.89328
1.29000 -0.62789 1.42982 0.02000 2.87328 2.89328
1.30000 -0.61331 1.48687 0.02000 2.87328 2.89328
1.31000 -0.59816 1.54273 0.02000 2.87328 2.89328
1.32000 -0.58246 1.59733 0.02000 2.87328 2.89328
1.33000 -0.56622 1.65063 0.02000 2.87328 2.89328
1.34000 -0.54945 1.70256 0.02000 2.87328 2.89328
1.35000 -0.53217 1.75307 0.02000 2.87328 2.89328
1.36000 -0.51439 1.80210 0.02000 2.87328 2.89328
1.37000 -0.49613 1.84959 0.02000 2.87328 2.89328
1.38000 -0.47741 1.89548 0.02000 2.87328 2.89328
1.39000 -0.45823 1.93972 0.02000 2.87328 2.89328
1.40000 -0.43862 1.98225 0.02000 2.87328 2.89328
1.41000 -0.41859 2.02302 0.02000 2.87328 2.89328
1.42000 -0.39816 2.06198 0.02000 2.87328 2.89328
1.43000 -0.37736 2.09908 0.02000 2.87328 2.89328
1.44000 -0.35619 2.13426 0.02000 2.87328 2.89328
1.45000 -0.33468 2.16748 0.02000 2.87328 2.89328
1.46000 -0.31285 2.19869 0.02000 2.87328 2.89328
1.47000 -0.29071 2.22785 0.02000 2.87328 2.89328
1.48000 -0.26830 2.25491 0.02000 2.87328 2.89328
1.49000 -0.24562 2.27985 0.02000 2.87328 2.89328
1.50000 -0.22271 2.30261 0.02000 2.87328 2.89328
1.51000 -0.19958 2.32317 0.02000 2.87328 2.89328
1.52000 -0.17625 2.34150 0.02000 2.87328 2.89328
1.53000 -0.15275 2.35756 0.02000 2.87328 2.89328
1.54000 -0.12911 2.37134 0.02000 2.87328 2.89328
1.55000 -0.10533 2.38282 0.02000 2.87328 2.89328
1.56000 -0.08146 2.39197 0.02000 2.87328 2.89328
1.57000 -0.05750 2.39878 0.02000 2.87328 2.89328
1.58000 -0.03349 2.40324 0.02000 2.87328 2.89328
1.59000 -0.00945 2.40535 0.02000 2.87328 2.89328
1.60000 0.01461 2.40509 0.02000 2.87328 2.89328
1.61000 0.03865 2.40248 0.02000 2.87328 2.89328
1.62000 0.06265 2.39751 0.02000 2.87328 2.89328
1.63000 0.08659 2.39020 0.02000 2.87328 2.89328
1.64000 0.11045 2.38055 0.02000 2.87328 2.89328
1.65000 0.13419 2.36858 0.02000 2.87328 2.89328
1.66000 0.15781 2.35431 0.02000 2.87328 2.89328
1.67000 0.18127 2.33775 0.02000 2.87328 2.89328
1.68000 0.20456 2.31895 0.02000 2.87328 2.89328
1.69000 0.22764 2.29791 0.02000 2.87328 2.89328
1.70000 0.25051 2.27468 0.02000 2.87328 2.89328
1.71000 0.27313 2.24928 0.02000 2.87328 2.89328
1.72000 0.29549 2.22177 0.02000 2.87328 2.89328
1.73000 0.31756 2.19216 0.02000 2.87328 2.89328
1.74000 0.33932 2.16052 0.02000 2.87328 2.89328
1.75000 0.36076 2.12687 0.02000 2.87328 2.89328
1.76000 0.38185 2.09128 0.02000 2.87328 2.89328
1.77000 0.40258 2.05378 0.02000 2.87328 2.89328
1.78000 0.42292 2.01442 0.02000 2.87328 2.89328
1.79000 0.44286 1.97327 0.02000 2.87328 2.89328
1.80000 0.46238 1.93036 0.02000 2.87328 2.89328
1.81000 0.48147 1.88577 0.02000 2.87328 2.89328
1.82000 0.50009 1.83953 0.02000 2.87328 2.89328
1.83000 0.51825 1.79171 0.02000 2.87328 2.89328
1.84000 0.53592 1.74236 0.02000 2.87328 2.89328
1.85000 0.55309 1.69154 0.02000 2.87328 2.89328
1.86000 0.56975 1.63931 0.02000 2.87328 2.89328
1.87000 0.58587 1.58572 0.02000 2.87328 2.89328
1.88000 0.60146 1.53084 0.02000 2.87328 2.89328
1.89000 0.61649 1.47472 0.02000 2.87328 2.89328
1.90000 0.63095 1.41742 0.02000 2.87328 2.89328
1.91000 0.64483 1.35900 0.02000 2.87328 2.89328
1.92000 0.65813 1.29951 0.02000 2.87328 2.89328
1.93000 0.67082 1.23902 0.02000 2.87328 2.89328
1.94000 0.68290 1.17757 0.02000 2.87328 2.89328
1.95000 0.69437 1.11523 0.02000 2.87328 2.89328
1.96000 0.70520 1.05204 0.02000 2.87328 2.89328
1.97000 0.71541 0.98807 0.02000 2.87328 2.89328
1.98000 0.72496 0.92337 0.02000 2.87328 2.89328
1.99000 0.73387 0.85799 0.02000 2.87328 2.89328
2.00000 0.74212 0.79198 0.02000 2.87328 2.89328
2.01000 0.74971 0.72540 0.02000 2.87328 2.89328
2.02000 0.75663 0.65830 0.02000 2.87328 2.89328
2.03000 0.76287 0.59073 0.02000 2.87328 2.89328
2.04000 0.76844 0.52274 0.02000 2.87328 2.89328
2.05000 0.77333 0.45439 0.02000 2.87328 2.89328
2.06000 0.77753 0.38571 0.02000 2.87328 2.89328
2.07000 0.78104 0.31676 0.02000 2.87328 2.89328
2.08000 0.78386 0.24760 0.02000 2.87328 2.89328
2.09000 0.78599 0.17826 0.02000 2.87328 2.89328
2.10000 0.78743 0.10880 0.02000 2.87328 2.89328
2.11000 0.78817 0.03926 0.02000 2.87328 2.89328
2.12000 0.78821 -0.03030 0.02000 2.87328 2.89328
2.13000 0.78756 -0.09985 0.02000 2.87328 2.89328
2.14000 0.78621 -0.16932 0.02000 2.87328 2.89328
2.15000 0.78417 -0.23868 0.02000 2.87328 2.89328
2.16000 0.78144 -0.30787 0.02000 2.87328 2.89328
2.17000 0.77802 -0.37685 0.02000 2.87328 2.89328
2.18000 0.77391 -0.44556 0.02000 2.87328 2.89328
2.19000 0.76911 -0.51396 0.02000 2.87328 2.89328
2.20000 0.76363 -0.58200 0.02000 2.87328 2.89328
2.21000 0.75747 -0.64963 0.02000 2.87328 2.89328
2.22000 0.75064 -0.71679 0.02000 2.87328 2.89328
2.23000 0.74313 -0.78344 0.02000 2.87328 2.89328
2.24000 0.73497 -0.84952 0.02000 2.87328 2.89328
2.25000 0.72615 -0.91499 0.02000 2.87328 2.89328
2.26000 0.71667 -0.97978 0.02000 2.87328 2.89328
2.27000 0.70655 -1.04385 0.02000 2.87328 2.89328
2.28000 0.69580 -1.10714 0.02000 2.87328 2.89328
2.29000 0.68441 -1.16959 0.02000 2.87328 2.89328
2.30000 0.67241 -1.23116 0.02000 2.87328 2.89328
2.31000 0.65979 -1.29178 0.02000 2.87328 2.89328
2.32000 0.64658 -1.35140 0.02000 2.87328 2.89328
2.33000 0.63277 -1.40996 0.02000 2.87328 2.89328
2.34000 0.61838 -1.46741 0.02000 2.87328 2.89328
2.35000 0.60342 -1.52369 0.02000 2.87328 2.89328
2.36000 0.58791 -1.57873 0.02000 2.87328 2.89328
2.37000 0.57185 -1.63248 0.02000 2.87328 2.89328
2.38000 0.55527 -1.68489 0.02000 2.87328 2.89328
2.39000 0.53816 -1.73589 0.02000 2.87328 2.89328
2.40000 0.52055 -1.78544 0.02000 2.87328 2.89328
2.41000 0.50246 -1.83346 0.02000 2.87328 2.89328
2.42000 0.48389 -1.87990 0.02000 2.87328 2.89328
2.43000 0.46486 -1.92472 0.02000 2.87328 2.89328
2.44000 0.44540 -1.96784 0.02000 2.87328 2.89328
2.45000 0.42551 -2.00923 0.02000 2.87328 2.89328
2.46000 0.40522 -2.04881 0.02000 2.87328 2.89328
2.47000 0.38454 -2.08655 0.02000 2.87328 2.89328
2.48000 0.36350 -2.12240 0.02000 2.87328 2.89328
2.49000 0.34210 -2.15630 0.02000 2.87328 2.89328
2.50000 0.32038 -2.18820 0.02000 2.87328 2.89328
2.51000 0.29834 -2.21807 0.02000 2.87328 2.89328
2.52000 0.27602 -2.24586 0.02000 2.87328 2.89328
2.53000 0.25343 -2.27153 0.02000 2.87328 2.89328
2.54000 0.23060 -2.29504 0.02000 2.87328 2.89328
2.55000 0.20754 -2.31636 0.02000 2.87328 2.89328
2.56000 0.18428 -2.33546 0.02000 2.87328 2.89328
2.57000 0.16084 -2.35230 0.02000 2.87328 2.89328
2.58000 0.13724 -2.36687 0.02000 2.87328 2.89328
2.59000 0.11351 -2.37914 0.02000 2.87328 2.89328
2.60000 0.08967 -2.38909 0.02000 2.87328 2.89328
2.61000 0.06574 -2.39670 0.02000 2.87328 2.89328
2.62000 0.04174 -2.40197 0.02000 2.87328 2.89328
2.63000 0.01770 -2.40489 0.02000 2.87328 2.89328
2.64000 -0.00635 -2.40545 0.02000 2.87328 2.89328
2.65000 -0.03040 -2.40364 0.02000 2.87328 2.89328
2.66000 -0.05441 -2.39948 0.02000 2.87328 2.89328
2.67000 -0.07838 -2.39298 0.02000 2.87328 2.89328
2.68000 -0.10227 -2.38413 0.02000 2.87328 2.89328
2.69000 -0.12605 -2.37295 0.02000 2.87328 2.89328
2.70000 -0.14972 -2.35947 0.02000 2.87328 2.89328
2.71000 -0.17324 -2.34369 0.02000 2.87328 2.89328
2.72000 -0.19658 -2.32566 0.02000 2.87328 2.89328
2.73000 -0.21974 -2.30538 0.02000 2.87328 2.89328
2.74000 -0.24268 -2.28290 0.02000 2.87328 2.89328
2.75000 -0.26539 -2.25824 0.02000 2.87328 2.89328
2.76000 -0.28784 -2.23145 0.02000 2.87328 2.89328
2.77000 -0.31001 -2.20256 0.02000 2.87328 2.89328
2.78000 -0.33189 -2.17161 0.02000 2.87328 2.89328
2.79000 -0.35344 -2.13865 0.02000 2.87328 2.89328
2.80000 -0.37465 -2.10372 0.02000 2.87328 2.89328
2.81000 -0.39551 -2.06686 0.02000 2.87328 2.89328
2.82000 -0.41598 -2.02814 0.02000 2.87328 2.89328
2.83000 -0.43606 -1.98760 0.02000 2.87328 2.89328
2.84000 -0.45573 -1.94529 0.02000 2.87328 2.89328
2.85000 -0.47496 -1.90127 0.02000 2.87328 2.89328
2.86000 -0.49375 -1.85558 0.02000 2.87328 2.89328
2.87000 -0.51207 -1.80830 0.02000 2.87328 2.89328
2.88000 -0.52991 -1.75947 0.02000 2.87328 2.89328
2.89000 -0.54725 -1.70915 0.02000 2.87328 2.89328
2.90000 -0.56409 -1.65740 0.02000 2.87328 2.89328
2.91000 -0.58040 -1.60427 0.02000 2.87328 2.89328
2.92000 -0.59617 -1.54983 0.02000 2.87328 2.89328
2.93000 -0.61139 -1.49413 0.02000 2.87328 2.89328
2.94000 -0.62605 -1.43723 0.02000 2.87328 2.89328
2.95000 -0.64013 -1.37918 0.02000 2.87328 2.89328
2.96000 -0.65363 -1.32006 0.02000 2.87328 2.89328
2.97000 -0.66653 -1.25990 0.02000 2.87328 2.89328
2.98000 -0.67882 -1.19877 0.02000 2.87328 2.89328
2.99000 -0.69050 -1.13673 0.02000 2.87328 2.89328
3.00000 -0.70155 -1.07383 0.02000 2.87328 2.89328
3.01000 -0.71197 -1.01012 0.02000 2.87328 2.89328
3.02000 -0.72175 -0.94566 0.02000 2.87328 2.89328
3.03000 -0.73089 -0.88051 0.02000 2.87328 2.89328
3.04000 -0.73936 -0.81471 0.02000 2.87328 2.89328
3.05000 -0.74718 -0.74832 0.02000 2.87328 2.89328
3.06000 -0.75433 -0.68139 0.02000 2.87328 2.89328
3.07000 -0.76080 -0.61398 0.02000 2.87328 2.89328
3.08000 -0.76661 -0.54613 0.02000 2.87328 2.89328
3.09000 -0.77173 -0.47789 0.02000 2.87328 2.89328
3.10000 -0.77616 -0.40932 0.02000 2.87328 2.89328
3.11000 -0.77991 -0.34046 0.02000 2.87328 2.89328
3.12000 -0.78297 -0.27137 0.02000 2.87328 2.89328
3.13000 -0.78534 -0.20208 0.02000 2.87328 2.89328
3.14000 -0.78701 -0.13266 0.02000 2.87328 2.89328
3.15000 -0.78799 -0.06314 0.02000 2.87328 2.89328
3.16000 -0.78827 0.00642 0.02000 2.87328 2.89328
3.17000 -0.78786 0.07598 0.02000 2.87328 2.89328
3.18000 -0.78675 0.14548 0.02000 2.87328 2.89328
3.19000 -0.78495 0.21488 0.02000 2.87328 2.89328
3.20000 -0.78246 0.28414 0.02000 2.87328 2.89328
3.21000 -0.77927 0.35319 0.02000 2.87328 2.89328
3.22000 -0.77539 0.42200 0.02000 2.87328 2.89328
3.23000 -0.77083 0.49051 0.02000 2.87328 2.89328
3.24000 -0.76559 0.55868 0.02000 2.87328 2.89328
3.25000 -0.75966 0.62646 0.02000 2.87328 2.89328
3.26000 -0.75306 0.69378 0.02000 2.87328 2.89328
3.27000 -0.74579 0.76062 0.02000 2.87328 2.89328
3.28000 -0.73785 0.82690 0.02000 2.87328 2.89328
3.29000 -0.72925 0.89258 0.02000 2.87328 2.89328
3.30000 -0.72000 0.95761 0.02000 2.87328 2.89328
3.31000 -0.71010 1.02193 0.02000 2.87328 2.89328
3.32000 -0.69956 1.08550 0.02000 2.87328 2.89328
3.33000 -0.68839 1.14825 0.02000 2.87328 2.89328
3.34000 -0.67660 1.21012 0.02000 2.87328 2.89328
3.35000 -0.66419 1.27108 0.02000 2.87328 2.89328
3.36000 -0.65118 1.33105 0.02000 2.87328 2.89328
3.37000 -0.63758 1.38998 0.02000 2.87328 2.89328
3.38000 -0.62339 1.44782 0.02000 2.87328 2.89328
3.39000 -0.60862 1.50450 0.02000 2.87328 2.89328
3.40000 -0.59330 1.55997 0.02000 2.87328 2.89328
3.41000 -0.57743 1.61418 0.02000 2.87328 2.89328
3.42000 -0.56102 1.66705 0.02000 2.87328 2.89328
3.43000 -0.54409 1.71854 0.02000 2.87328 2.89328
3.44000 -0.52665 1.76859 0.02000 2.87328 2.89328
3.45000 -0.50872 1.81714 0.02000 2.87328 2.89328
3.46000 -0.49032 1.86414 0.02000 2.87328 2.89328
3.47000 -0.47145 1.90952 0.02000 2.87328 2.89328
3.48000 -0.45213 1.95323 0.02000 2.87328 2.89328
3.49000 -0.43239 1.99522 0.02000 2.87328 2.89328
3.50000 -0.41223 2.03543 0.02000 2.87328 2.89328
3.51000 -0.39169 2.07381 0.02000 2.87328 2.89328
3.52000 -0.37076 2.11031 0.02000 2.87328 2.89328
3.53000 -0.34949 2.14488 0.02000 2.87328 2.89328
3.54000 -0.32787 2.17748 0.02000 2.87328 2.89328
3.55000 -0.30594 2.20805 0.02000 2.87328 2.89328
3.56000 -0.28372 2.23656 0.02000 2.87328 2.89328
3.57000 -0.26122 2.26296 0.02000 2.87328 2.89328
3.58000 -0.23847 2.28721 0.02000 2.87328 2.89328
3.59000 -0.21548 2.30929 0.02000 2.87328 2.89328
3.60000 -0.19229 2.32915 0.02000 2.87328 2.89328
3.61000 -0.16891 2.34678 0.02000 2.87328 2.89328
3.62000 -0.14536 2.36213 0.02000 2.87328 2.89328
3.63000 -0.12167 2.37519 0.02000 2.87328 2.89328
3.64000 -0.09786 2.38593 0.02000 2.87328 2.89328
3.65000 -0.07396 2.39435 0.02000 2.87328 2.89328
3.66000 -0.04998 2.40043 0.02000 2.87328 2.89328
3.67000 -0.02596 2.40415 0.02000 2.87328 2.89328
3.68000 -0.00191 2.40552 0.02000 2.87328 2.89328
3.69000 0.02214 2.40453 0.02000 2.87328 2.89328
3.70000 0.04617 2.40118 0.02000 2.87328 2.89328
3.71000 0.07016 2.39547 0.02000 2.87328 2.89328
3.72000 0.09407 2.38743 0.02000 2.87328 2.89328
3.73000 0.11790 2.37705 0.02000 2.87328 2.89328
3.74000 0.14161 2.36436 0.02000 2.87328 2.89328
3.75000 0.16518 2.34937 0.02000 2.87328 2.89328
3.76000 0.18859 2.33210 0.02000 2.87328 2.89328
3.77000 0.21181 2.31259 0.02000 2.87328 2.89328
3.78000 0.23483 2.29087 0.02000 2.87328 2.89328
3.79000 0.25762 2.26695 0.02000 2.87328 2.89328
3.80000 0.28016 2.24089 0.02000 2.87328 2.89328
3.81000 0.30243 2.21271 0.02000 2.87328 2.89328
3.82000 0.32441 2.18247 0.02000 2.87328 2.89328
3.83000 0.34608 2.15019 0.02000 2.87328 2.89328
3.84000 0.36741 2.11593 0.02000 2.87328 2.89328
3.85000 0.38839 2.07973 0.02000 2.87328 2.89328
3.86000 0.40900 2.04164 0.02000 2.87328 2.89328
3.87000 0.42922 2.00172 0.02000 2.87328 2.89328
3.88000 0.44903 1.96001 0.02000 2.87328 2.89328
3.89000 0.46841 1.91657 0.02000 2.87328 2.89328
3.90000 0.48735 1.87145 0.02000 2.87328 2.89328
3.91000 0.50583 1.82471 0.02000 2.87328 2.89328
3.92000 0.52384 1.77641 0.02000 2.87328 2.89328
3.93000 0.54136 1.72659 0.02000 2.87328 2.89328
3.94000 0.55837 1.67532 0.02000 2.87328 2.89328
3.95000 0.57486 1.62266 0.02000 2.87328 2.89328
3.96000 0.59082 1.56867 0.02000 2.87328 2.89328
3.97000 0.60623 1.51339 0.02000 2.87328 2.89328
3.98000 0.62108 1.45690 0.02000 2.87328 2.89328
3.99000 0.63536 1.39924 0.02000 2.87328 2.89328
4.00000 0.64906 1.34048 0.02000 2.87328 2.89328
4.01000 0.66217 1.28067 0.02000 2.87328 2.89328
4.02000 0.67467 1.21987 0.02000 2.87328 2.89328
4.03000 0.68656 1.15813 0.02000 2.87328 2.89328
4.04000 0.69783 1.09552 0.02000 2.87328 2.89328
4.05000 0.70847 1.03208 0.02000 2.87328 2.89328
4.06000 0.71847 0.96787 0.02000 2.87328 2.89328
4.07000 0.72782 0.90295 0.02000 2.87328 2.89328
4.08000 0.73653 0.83737 0.02000 2.87328 2.89328
4.09000 0.74457 0.77118 0.02000 2.87328 2.89328
4.10000 0.75195 0.70443 0.02000 2.87328 2.89328
4.11000 0.75866 0.63718 0.02000 2.87328 2.89328
4.12000 0.76469 0.56947 0.02000 2.87328 2.89328
4.13000 0.77004 0.50136 0.02000 2.87328 2.89328
4.14000 0.77472 0.43290 0.02000 2.87328 2.89328
4.15000 0.77870 0.36414 0.02000 2.87328 2.89328
4.16000 0.78200 0.29512 0.02000 2.87328 2.89328
4.17000 0.78460 0.22589 0.02000 2.87328 2.89328
4.18000 0.78652 0.15651 0.02000 2.87328 2.89328
4.19000 0.78773 0.08702 0.02000 2.87328 2.89328
4.20000 0.78826 0.01747 0.02000 2.87328 2.89328
4.21000 0.78808 -0.05210 0.02000 2.87328 2.89328
4.22000 0.78721 -0.12162 0.02000 2.87328 2.89328
4.23000 0.78565 -0.19107 0.02000 2.87328 2.89328
4.24000 0.78339 -0.26038 0.02000 2.87328 2.89328
4.25000 0.78044 -0.32951 0.02000 2.87328 2.89328
4.26000 0.77680 -0.39841 0.02000 2.87328 2.89328
4.27000 0.77248 -0.46703 0.02000 2.87328 2.89328
4.28000 0.76746 -0.53532 0.02000 2.87328 2.89328
4.29000 0.76177 -0.60323 0.02000 2.87328 2.89328
4.30000 0.75540 -0.67072 0.02000 2.87328 2.89328
4.31000 0.74836 -0.73773 0.02000 2.87328 2.89328
4.32000 0.74065 -0.80421 0.02000 2.87328 2.89328
4.33000 0.73228 -0.87010 0.02000 2.87328 2.89328
4.34000 0.72325 -0.93536 0.02000 2.87328 2.89328
4.35000 0.71357 -0.99993 0.02000 2.87328 2.89328
4.36000 0.70325 -1.06376 0.02000 2.87328 2.89328
4.37000 0.69230 -1.12680 0.02000 2.87328 2.89328
4.38000 0.68072 -1.18898 0.02000 2.87328 2.89328
4.39000 0.66852 -1.25026 0.02000 2.87328 2.89328
4.40000 0.65572 -1.31057 0.02000 2.87328 2.89328
4.41000 0.64231 -1.36987 0.02000 2.87328 2.89328
4.42000 0.62832 -1.42809 0.02000 2.87328 2.89328
4.43000 0.61376 -1.48517 0.02000 2.87328 2.89328
4.44000 0.59862 -1.54107 0.02000 2.87328 2.89328
4.45000 0.58294 -1.59571 0.02000 2.87328 2.89328
4.46000 0.56671 -1.64905 0.02000 2.87328 2.89328
4.47000 0.54996 -1.70103 0.02000 2.87328 2.89328
4.48000 0.53270 -1.75158 0.02000 2.87328 2.89328
4.49000 0.51494 -1.80065 0.02000 2.87328 2.89328
4.50000 0.49669 -1.84818 0.02000 2.87328 2.89328
4.51000 0.47798 -1.89412 0.02000 2.87328 2.89328
4.52000 0.45881 -1.93841 0.02000 2.87328 2.89328
4.53000 0.43921 -1.98100 0.02000 2.87328 2.89328
4.54000 0.41920 -2.02182 0.02000 2.87328 2.89328
4.55000 0.39878 -2.06084 0.02000 2.87328 2.89328
4.56000 0.37799 -2.09799 0.02000 2.87328 2.89328
4.57000 0.35683 -2.13323 0.02000 2.87328 2.89328
4.58000 0.33533 -2.16651 0.02000 2.87328 2.89328
4.59000 0.31351 -2.19778 0.02000 2.87328 2.89328
4.60000 0.29138 -2.22700 0.02000 2.87328 2.89328
4.61000 0.26897 -2.25413 0.02000 2.87328 2.89328
4.62000 0.24631 -2.27913 0.02000 2.87328 2.89328
4.63000 0.22340 -2.30196 0.02000 2.87328 2.89328
4.64000 0.20027 -2.32259 0.02000 2.87328 2.89328
4.65000 0.17695 -2.34098 0.02000 2.87328 2.89328
4.66000 0.15346 -2.35711 0.02000 2.87328 2.89328
4.67000 0.12982 -2.37096 0.02000 2.87328 2.89328
4.68000 0.10605 -2.38251 0.02000 2.87328 2.89328
4.69000 0.08218 -2.39173 0.02000 2.87328 2.89328
4.70000 0.05822 -2.39861 0.02000 2.87328 2.89328
4.71000 0.03421 -2.40314 0.02000 2.87328 2.89328
4.72000 0.01017 -2.40532 0.02000 2.87328 2.89328
4.73000 -0.01389 -2.40513 0.02000 2.87328 2.89328
4.74000 -0.03793 -2.40259 0.02000 2.87328 2.89328
4.75000 -0.06193 -2.39770 0.02000 2.87328 2.89328
4.76000 -0.08587 -2.39045 0.02000 2.87328 2.89328
4.77000 -0.10973 -2.38087 0.02000 2.87328 2.89328
4.78000 -0.13348 -2.36897 0.02000 2.87328 2.89328
4.79000 -0.15710 -2.35477 0.02000 2.87328 2.89328
4.80000 -0.18057 -2.33828 0.02000 2.87328 2.89328
4.81000 -0.20386 -2.31954 0.02000 2.87328 2.89328
4.82000 -0.22695 -2.29857 0.02000 2.87328 2.89328
4.83000 -0.24982 -2.27541 0.02000 2.87328 2.89328
4.84000 -0.27245 -2.25008 0.02000 2.87328 2.89328
4.85000 -0.29482 -2.22262 0.02000 2.87328 2.89328
4.86000 -0.31690 -2.19308 0.02000 2.87328 2.89328
4.87000 -0.33867 -2.16150 0.02000 2.87328 2.89328
4.88000 -0.36012 -2.12791 0.02000 2.87328 2.89328
4.89000 -0.38123 -2.09237 0.02000 2.87328 2.89328
4.90000 -0.40196 -2.05493 0.02000 2.87328 2.89328
4.91000 -0.42232 -2.01563 0.02000 2.87328 2.89328
4.92000 -0.44227 -1.97453 0.02000 2.87328 2.89328
4.93000 -0.46180 -1.93168 0.02000 2.87328 2.89328
4.94000 -0.48090 -1.88713 0.02000 2.87328 2.89328
4.95000 -0.49954 -1.84094 0.02000 2.87328 2.89328
4.96000 -0.51771 -1.79316 0.02000 2.87328 2.89328
4.97000 -0.53540 -1.74386 0.02000 2.87328 2.89328
4.98000 -0.55258 -1.69308 0.02000 2.87328 2.89328
4.99000 -0.56926 -1.64090 0.02000 2.87328 2.89328
5.00000 -0.58540 -1.58735 0.02000 2.87328 2.89328
5.01000 -0.60100 -1.53251 0.02000 2.87328 2.89328
5.02000 -0.61604 -1.47643 0.02000 2.87328 2.89328
5.03000 -0.63052 -1.41916 0.02000 2.87328 2.89328
5.04000 -0.64442 -1.36077 0.02000 2.87328 2.89328
5.05000 -0.65773 -1.30132 0.02000 2.87328 2.89328
5.06000 -0.67045 -1.24085 0.02000 2.87328 2.89328
5.07000 -0.68255 -1.17943 0.02000 2.87328 2.89328
5.08000 -0.69403 -1.11711 0.02000 2.87328 2.89328
5.09000 -0.70489 -1.05395 0.02000 2.87328 2.89328
5.10000 -0.71511 -0.99000 0.02000 2.87328 2.89328
5.11000 -0.72469 -0.92532 0.02000 2.87328 2.89328
5.12000 -0.73361 -0.85996 0.02000 2.87328 2.89328
5.13000 -0.74188 -0.79397 0.02000 2.87328 2.89328
5.14000 -0.74949 -0.72741 0.02000 2.87328 2.89328
5.15000 -0.75643 -0.66032 0.02000 2.87328 2.89328
5.16000 -0.76269 -0.59277 0.02000 2.87328 2.89328
5.17000 -0.76828 -0.52479 0.02000 2.87328 2.89328
5.18000 -0.77319 -0.45644 0.02000 2.87328 2.89328
5.19000 -0.77741 -0.38778 0.02000 2.87328 2.89328
5.20000 -0.78094 -0.31884 0.02000 2.87328 2.89328
5.21000 -0.78379 -0.24968 0.02000 2.87328 2.89328
5.22000 -0.78594 -0.18034 0.02000 2.87328 2.89328
5.23000 -0.78739 -0.11088 0.02000 2.87328 2.89328
5.24000 -0.78815 -0.04135 0.02000 2.87328 2.89328
5.25000 -0.78822 0.02822 0.02000 2.87328 2.89328
5.26000 -0.78759 0.09776 0.02000 2.87328 2.89328
5.27000 -0.78627 0.16724 0.02000 2.87328 2.89328
5.28000 -0.78425 0.23660 0.02000 2.87328 2.89328
5.29000 -0.78153 0.30580 0.02000 2.87328 2.89328
5.30000 -0.77813 0.37478 0.02000 2.87328 2.89328
5.31000 -0.77404 0.44350 0.02000 2.87328 2.89328
5.32000 -0.76926 0.51191 0.02000 2.87328 2.89328
5.33000 -0.76380 0.57996 0.02000 2.87328 2.89328
5.34000 -0.75766 0.64760 0.02000 2.87328 2.89328
5.35000 -0.75085 0.71478 0.02000 2.87328 2.89328
5.36000 -0.74337 0.78144 0.02000 2.87328 2.89328
5.37000 -0.73522 0.84754 0.02000 2.87328 2.89328
5.38000 -0.72642 0.91303 0.02000 2.87328 2.89328
5.39000 -0.71697 0.97784 0.02000 2.87328 2.89328
5.40000 -0.70687 1.04193 0.02000 2.87328 2.89328
5.41000 -0.69613 1.10525 0.02000 2.87328 2.89328
5.42000 -0.68476 1.16773 0.02000 2.87328 2.89328
5.43000 -0.67278 1.22932 0.02000 2.87328 2.89328
5.44000 -0.66018 1.28997 0.02000 2.87328 2.89328
5.45000 -0.64698 1.34963 0.02000 2.87328 2.89328
5.46000 -0.63319 1.40822 0.02000 2.87328 2.89328
5.47000 -0.61882 1.46570 0.02000 2.87328 2.89328
5.48000 -0.60388 1.52201 0.02000 2.87328 2.89328
5.49000 -0.58839 1.57709 0.02000 2.87328 2.89328
5.50000 -0.57234 1.63089 0.02000 2.87328 2.89328
5.51000 -0.55577 1.68334 0.02000 2.87328 2.89328
5.52000 -0.53868 1.73438 0.02000 2.87328 2.89328
5.53000 -0.52109 1.78397 0.02000 2.87328 2.89328
5.54000 -0.50301 1.83204 0.02000 2.87328 2.89328
5.55000 -0.48445 1.87853 0.02000 2.87328 2.89328
5.56000 -0.46544 1.92340 0.02000 2.87328 2.89328
5.57000 -0.44599 1.96657 0.02000 2.87328 2.89328
5.58000 -0.42612 2.00801 0.02000 2.87328 2.89328
5.59000 -0.40584 2.04765 0.02000 2.87328 2.89328
5.60000 -0.38517 2.08545 0.02000 2.87328 2.89328
5.61000 -0.36413 2.12135 0.02000 2.87328 2.89328
5.62000 -0.34275 2.15531 0.02000 2.87328 2.89328
5.63000 -0.32103 2.18727 0.02000 2.87328 2.89328
5.64000 -0.29901 2.21720 0.02000 2.87328 2.89328
5.65000 -0.27670 2.24506 0.02000 2.87328 2.89328
5.66000 -0.25412 2.27079 0.02000 2.87328 2.89328
5.67000 -0.23129 2.29437 0.02000 2.87328 2.89328
5.68000 -0.20824 2.31575 0.02000 2.87328 2.89328
5.69000 -0.18498 2.33492 0.02000 2.87328 2.89328
5.70000 -0.16155 2.35183 0.02000 2.87328 2.89328
5.71000 -0.13795 2.36647 0.02000 2.87328 2.89328
5.72000 -0.11422 2.37880 0.02000 2.87328 2.89328
5.73000 -0.09038 2.38882 0.02000 2.87328 2.89328
5.74000 -0.06646 2.39651 0.02000 2.87328 2.89328
5.75000 -0.04246 2.40185 0.02000 2.87328 2.89328
5.76000 -0.01843 2.40484 0.02000 2.87328 2.89328
5.77000 0.00563 2.40546 0.02000 2.87328 2.89328
5.78000 0.02967 2.40373 0.02000 2.87328 2.89328
5.79000 0.05369 2.39964 0.02000 2.87328 2.89328
5.80000 0.07766 2.39320 0.02000 2.87328 2.89328
5.81000 0.10155 2.38443 0.02000 2.87328 2.89328
5.82000 0.12534 2.37332 0.02000 2.87328 2.89328
5.83000 0.14901 2.35990 0.02000 2.87328 2.89328
5.84000 0.17253 2.34420 0.02000 2.87328 2.89328
5.85000 0.19589 2.32623 0.02000 2.87328 2.89328
5.86000 0.21905 2.30602 0.02000 2.87328 2.89328
5.87000 0.24200 2.28361 0.02000 2.87328 2.89328
5.88000 0.26471 2.25902 0.02000 2.87328 2.89328
5.89000 0.28717 2.23229 0.02000 2.87328 2.89328
5.90000 0.30935 2.20346 0.02000 2.87328 2.89328
5.91000 0.33123 2.17257 0.02000 2.87328 2.89328
5.92000 0.35280 2.13967 0.02000 2.87328 2.89328
5.93000 0.37402 2.10479 0.02000 2.87328 2.89328
5.94000 0.39489 2.06800 0.02000 2.87328 2.89328
5.95000 0.41537 2.02933 0.02000 2.87328 2.89328
5.96000 0.43547 1.98884 0.02000 2.87328 2.89328
5.97000 0.45515 1.94659 0.02000 2.87328 2.89328
5.98000 0.47439 1.90261 0.02000 2.87328 2.89328
5.99000 0.49319 1.85698 0.02000 2.87328 2.89328
6.00000 0.51153 1.80974 0.02000 2.87328 2.89328
6.01000 0.52938 1.76096 0.02000 2.87328 2.89328
6.02000 0.54674 1.71068 0.02000 2.87328 2.89328
6.03000 0.56359 1.65897 0.02000 2.87328 2.89328
6.04000 0.57992 1.60588 0.02000 2.87328 2.89328
6.05000 0.59570 1.55148 0.02000 2.87328 2.89328
6.06000 0.61094 1.49582 0.02000 2.87328 2.89328
6.07000 0.62562 1.43895 0.02000 2.87328 2.89328
6.08000 0.63972 1.38094 0.02000 2.87328 2.89328
6.09000 0.65323 1.32185 0.02000 2.87328 2.89328
6.10000 0.66615 1.26172 0.02000 2.87328 2.89328
6.11000 0.67846 1.20062 0.02000 2.87328 2.89328
6.12000 0.69016 1.13860 0.02000 2.87328 2.89328
6.13000 0.70123 1.07573 0.02000 2.87328 2.89328
6.14000 0.71167 1.01204 0.02000 2.87328 2.89328
6.15000 0.72147 0.94761 0.02000 2.87328 2.89328
6.16000 0.73062 0.88247 0.02000 2.87328 2.89328
6.17000 0.73912 0.81669 0.02000 2.87328 2.89328
6.18000 0.74695 0.75032 0.02000 2.87328 2.89328
6.19000 0.75412 0.68341 0.02000 2.87328 2.89328
6.20000 0.76062 0.61601 0.02000 2.87328 2.89328
6.21000 0.76644 0.54817 0.02000 2.87328 2.89328
6.22000 0.77158 0.47995 0.02000 2.87328 2.89328
6.23000 0.77604 0.41139 0.02000 2.87328 2.89328
6.24000 0.77981 0.34254 0.02000 2.87328 2.89328
6.25000 0.78289 0.27345 0.02000 2.87328 2.89328
6.26000 0.78528 0.20417 0.02000 2.87328 2.89328
6.27000 0.78697 0.13474 0.02000 2.87328 2.89328
6.28000 0.78797 0.06523 0.02000 2.87328 2.89328
6.29000 0.78828 -0.00433 0.02000 2.87328 2.89328
6.30000 0.78788 -0.07389 0.02000 2.87328 2.89328
6.31000 0.78680 -0.14339 0.02000 2.87328 2.89328
6.32000 0.78502 -0.21280 0.02000 2.87328 2.89328
6.33000 0.78254 -0.28206 0.02000 2.87328 2.89328
6.34000 0.77938 -0.35112 0.02000 2.87328 2.89328
6.35000 0.77552 -0.41994 0.02000 2.87328 2.89328
6.36000 0.77098 -0.48846 0.02000 2.87328 2.89328
6.37000 0.76575 -0.55664 0.02000 2.87328 2.89328
6.38000 0.75985 -0.62443 0.02000 2.87328 2.89328
6.39000 0.75327 -0.69177 0.02000 2.87328 2.89328
6.40000 0.74601 -0.75862 0.02000 2.87328 2.89328
6.41000 0.73810 -0.82492 0.02000 2.87328 2.89328
6.42000 0.72952 -0.89062 0.02000 2.87328 2.89328
6.43000 0.72029 -0.95567 0.02000 2.87328 2.89328
6.44000 0.71041 -1.02001 0.02000 2.87328 2.89328
6.45000 0.69989 -1.08360 0.02000 2.87328 2.89328
6.46000 0.68874 -1.14637 0.02000 2.87328 2.89328
6.47000 0.67696 -1.20828 0.02000 2.87328 2.89328
6.48000 0.66457 -1.26926 0.02000 2.87328 2.89328
6.49000 0.65158 -1.32926 0.02000 2.87328 2.89328
6.50000 0.63799 -1.38823 0.02000 2.87328 2.89328
6.51000 0.62382 -1.44610 0.02000 2.87328 2.89328
6.52000 0.60907 -1.50282 0.02000 2.87328 2.89328
6.53000 0.59377 -1.55832 0.02000 2.87328 2.89328
6.54000 0.57791 -1.61257 0.02000 2.87328 2.89328
6.55000 0.56152 -1.66548 0.02000 2.87328 2.89328
6.56000 0.54461 -1.71702 0.02000 2.87328 2.89328
6.57000 0.52719 -1.76711 0.02000 2.87328 2.89328
6.58000 0.50927 -1.81571 0.02000 2.87328 2.89328
6.59000 0.49088 -1.86275 0.02000 2.87328 2.89328
6.60000 0.47202 -1.90818 0.02000 2.87328 2.89328
6.61000 0.45272 -1.95194 0.02000 2.87328 2.89328
6.62000 0.43299 -1.99398 0.02000 2.87328 2.89328
6.63000 0.41284 -2.03425 0.02000 2.87328 2.89328
6.64000 0.39231 -2.07268 0.02000 2.87328 2.89328
6.65000 0.37140 -2.10924 0.02000 2.87328 2.89328
6.66000 0.35013 -2.14387 0.02000 2.87328 2.89328
6.67000 0.32853 -2.17653 0.02000 2.87328 2.89328
6.68000 0.30661 -2.20716 0.02000 2.87328 2.89328
6.69000 0.28439 -2.23573 0.02000 2.87328 2.89328
6.70000 0.26190 -2.26219 0.02000 2.87328 2.89328
6.71000 0.23915 -2.28652 0.02000 2.87328 2.89328
6.72000 0.21618 -2.30866 0.02000 2.87328 2.89328
6.73000 0.19299 -2.32859 0.02000 2.87328 2.89328
6.74000 0.16961 -2.34628 0.02000 2.87328 2.89328
6.75000 0.14607 -2.36170 0.02000 2.87328 2.89328
6.76000 0.12238 -2.37483 0.02000 2.87328 2.89328
6.77000 0.09858 -2.38565 0.02000 2.87328 2.89328
6.78000 0.07468 -2.39413 0.02000 2.87328 2.89328
6.79000 0.05071 -2.40028 0.02000 2.87328 2.89328
6.80000 0.02668 -2.40408 0.02000 2.87328 2.89328
6.81000 0.00263 -2.40551 0.02000 2.87328 2.89328
6.82000 -0.02142 -2.40459 0.02000 2.87328 2.89328
6.83000 -0.04545 -2.40131 0.02000 2.87328 2.89328
6.84000 -0.06944 -2.39568 0.02000 2.87328 2.89328
6.85000 -0.09336 -2.38770 0.02000 2.87328 2.89328
6.86000 -0.11719 -2.37739 0.02000 2.87328 2.89328
6.87000 -0.14090 -2.36477 0.02000 2.87328 2.89328
6.88000 -0.16447 -2.34985 0.02000 2.87328 2.89328
6.89000 -0.18789 -2.33265 0.02000 2.87328 2.89328
6.90000 -0.21112 -2.31321 0.02000 2.87328 2.89328
6.91000 -0.23414 -2.29155 0.02000 2.87328 2.89328
6.92000 -0.25694 -2.26770 0.02000 2.87328 2.89328
6.93000 -0.27949 -2.24170 0.02000 2.87328 2.89328
6.94000 -0.30177 -2.21359 0.02000 2.87328 2.89328
6.95000 -0.32376 -2.18340 0.02000 2.87328 2.89328
6.96000 -0.34543 -2.15119 0.02000 2.87328 2.89328
6.97000 -0.36677 -2.11699 0.02000 2.87328 2.89328
6.98000 -0.38776 -2.08085 0.02000 2.87328 2.89328
6.99000 -0.40838 -2.04282 0.02000 2.87328 2.89328
7.00000 -0.42861 -2.00295 0.02000 2.87328 2.89328
7.01000 -0.44844 -1.96129 0.02000 2.87328 2.89328
7.02000 -0.46783 -1.91790 0.02000 2.87328 2.89328
7.03000 -0.48679 -1.87283 0.02000 2.87328 2.89328
7.04000 -0.50529 -1.82614 0.02000 2.87328 2.89328
7.05000 -0.52331 -1.77788 0.02000 2.87328 2.89328
7.06000 -0.54084 -1.72811 0.02000 2.87328 2.89328
7.07000 -0.55786 -1.67688 0.02000 2.87328 2.89328
7.08000 -0.57437 -1.62426 0.02000 2.87328 2.89328
7.09000 -0.59034 -1.57031 0.02000 2.87328 2.89328
7.10000 -0.60577 -1.51507 0.02000 2.87328 2.89328
7.11000 -0.62064 -1.45861 0.02000 2.87328 2.89328
7.12000 -0.63494 -1.40099 0.02000 2.87328 2.89328
7.13000 -0.64866 -1.34226 0.02000 2.87328 2.89328
7.14000 -0.66178 -1.28248 0.02000 2.87328 2.89328
7.15000 -0.67430 -1.22171 0.02000 2.87328 2.89328
7.16000 -0.68621 -1.16000 0.02000 2.87328 2.89328
7.17000 -0.69750 -1.09741 0.02000 2.87328 2.89328
7.18000 -0.70816 -1.03400 0.02000 2.87328 2.89328
7.19000 -0.71818 -0.96981 0.02000 2.87328 2.89328
7.20000 -0.72755 -0.90491 0.02000 2.87328 2.89328
7.21000 -0.73627 -0.83935 0.02000 2.87328 2.89328
7.22000 -0.74434 -0.77317 0.02000 2.87328 2.89328
7.23000 -0.75174 -0.70644 0.02000 2.87328 2.89328
7.24000 -0.75846 -0.63920 0.02000 2.87328 2.89328
7.25000 -0.76452 -0.57151 0.02000 2.87328 2.89328
7.26000 -0.76989 -0.50341 0.02000 2.87328 2.89328
7.27000 -0.77459 -0.43496 0.02000 2.87328 2.89328
7.28000 -0.77859 -0.36620 0.02000 2.87328 2.89328
7.29000 -0.78191 -0.29719 0.02000 2.87328 2.89328
7.30000 -0.78453 -0.22797 0.02000 2.87328 2.89328
7.31000 -0.78647 -0.15859 0.02000 2.87328 2.89328
7.32000 -0.78771 -0.08910 0.02000 2.87328 2.89328
7.33000 -0.78825 -0.01955 0.02000 2.87328 2.89328
7.34000 -0.78810 0.05001 0.02000 2.87328 2.89328
7.35000 -0.78725 0.11954 0.02000 2.87328 2.89328
7.36000 -0.78571 0.18898 0.02000 2.87328 2.89328
7.37000 -0.78347 0.25830 0.02000 2.87328 2.89328
7.38000 -0.78054 0.32743 0.02000 2.87328 2.89328
7.39000 -0.77692 0.39634 0.02000 2.87328 2.89328
7.40000 -0.77262 0.46497 0.02000 2.87328 2.89328
7.41000 -0.76762 0.53327 0.02000 2.87328 2.89328
7.42000 -0.76195 0.60120 0.02000 2.87328 2.89328
7.43000 -0.75560 0.66870 0.02000 2.87328 2.89328
7.44000 -0.74858 0.73572 0.02000 2.87328 2.89328
7.45000 -0.74089 0.80222 0.02000 2.87328 2.89328
7.46000 -0.73254 0.86813 0.02000 2.87328 2.89328
7.47000 -0.72353 0.93341 0.02000 2.87328 2.89328
7.48000 -0.71387 0.99800 0.02000 2.87328 2.89328
7.49000 -0.70357 1.06186 0.02000 2.87328 2.89328
7.50000 -0.69264 1.12492 0.02000 2.87328 2.89328
7.51000 -0.68108 1.18713 0.02000 2.87328 2.89328
7.52000 -0.66890 1.24843 0.02000 2.87328 2.89328
7.53000 -0.65611 1.30877 0.02000 2.87328 2.89328
7.54000 -0.64272 1.36810 0.02000 2.87328 2.89328
7.55000 -0.62875 1.42635 0.02000 2.87328 2.89328
7.56000 -0.61420 1.48347 0.02000 2.87328 2.89328
7.57000 -0.59909 1.53941 0.02000 2.87328 2.89328
7.58000 -0.58342 1.59409 0.02000 2.87328 2.89328
7.59000 -0.56721 1.64747 0.02000 2.87328 2.89328
7.60000 -0.55047 1.69948 0.02000 2.87328 2.89328
7.61000 -0.53322 1.75008 0.02000 2.87328 2.89328
7.62000 -0.51548 1.79920 0.02000 2.87328 2.89328
7.63000 -0.49724 1.84678 0.02000 2.87328 2.89328
7.64000 -0.47855 1.89277 0.02000 2.87328 2.89328
7.65000 -0.45939 1.93711 0.02000 2.87328 2.89328
7.66000 -0.43981 1.97974 0.02000 2.87328 2.89328
7.67000 -0.41981 2.02062 0.02000 2.87328 2.89328
7.68000 -0.39940 2.05969 0.02000 2.87328 2.89328
7.69000 -0.37862 2.09690 0.02000 2.87328 2.89328
7.70000 -0.35747 2.13220 0.02000 2.87328 2.89328
7.71000 -0.33598 2.16554 0.02000 2.87328 2.89328
7.72000 -0.31417 2.19687 0.02000 2.87328 2.89328
7.73000 -0.29205 2.22616 0.02000 2.87328 2.89328
7.74000 -0.26965 2.25335 0.02000 2.87328 2.89328
7.75000 -0.24699 2.27841 0.02000 2.87328 2.89328
7.76000 -0.22409 2.30130 0.02000 2.87328 2.89328
7.77000 -0.20097 2.32200 0.02000 2.87328 2.89328
7.78000 -0.17766 2.34046 0.02000 2.87328 2.89328
7.79000 -0.15417 2.35666 0.02000 2.87328 2.89328
7.80000 -0.13053 2.37058 0.02000 2.87328 2.89328
7.81000 -0.10677 2.38219 0.02000 2.87328 2.89328
7.82000 -0.08290 2.39148 0.02000 2.87328 2.89328
7.83000 -0.05894 2.39844 0.02000 2.87328 2.89328
7.84000 -0.03493 2.40304 0.02000 2.87328 2.89328
7.85000 -0.01089 2.40529 0.02000 2.87328 2.89328
7.86000 0.01316 2.40517 0.02000 2.87328 2.89328
7.87000 0.03720 2.40270 0.02000 2.87328 2.89328
7.88000 0.06121 2.39788 0.02000 2.87328 2.89328
7.89000 0.08515 2.39071 0.02000 2.87328 2.89328
7.90000 0.10902 2.38120 0.02000 2.87328 2.89328
7.91000 0.13277 2.36936 0.02000 2.87328 2.89328
7.92000 0.15640 2.35523 0.02000 2.87328 2.89328
7.93000 0.17987 2.33881 0.02000 2.87328 2.89328
7.94000 0.20316 2.32014 0.02000 2.87328 2.89328
7.95000 0.22626 2.29924 0.02000 2.87328 2.89328
7.96000 0.24914 2.27613 0.02000 2.87328 2.89328
7.97000 0.27178 2.25087 0.02000 2.87328 2.89328
7.98000 0.29415 2.22348 0.02000 2.87328 2.89328
7.99000 0.31624 2.19400 0.02000 2.87328 2.89328
8.00000 0.33803 2.16247 0.02000 2.87328 2.89328
8.01000 0.35948 2.12895 0.02000 2.87328 2.89328
8.02000 0.38060 2.09347 0.02000 2.87328 2.89328
8.03000 0.40135 2.05608 0.02000 2.87328 2.89328
8.04000 0.42171 2.01684 0.02000 2.87328 2.89328
8.05000 0.44168 1.97579 0.02000 2.87328 2.89328
8.06000 0.46122 1.93299 0.02000 2.87328 2.89328
8.07000 0.48033 1.88849 0.02000 2.87328 2.89328
8.08000 0.49899 1.84235 0.02000 2.87328 2.89328
8.09000 0.51717 1.79462 0.02000 2.87328 2.89328
8.10000 0.53487 1.74536 0.02000 2.87328 2.89328
8.11000 0.55208 1.69463 0.02000 2.87328 2.89328
8.12000 0.56876 1.64248 0.02000 2.87328 2.89328
8.13000 0.58492 1.58898 0.02000 2.87328 2.89328
8.14000 0.60054 1.53417 0.02000 2.87328 2.89328
8.15000 0.61560 1.47813 0.02000 2.87328 2.89328
8.16000 0.63010 1.42090 0.02000 2.87328 2.89328
8.17000 0.64401 1.36254 0.02000 2.87328 2.89328
8.18000 0.65734 1.30312 0.02000 2.87328 2.89328
8.19000 0.67007 1.24268 0.02000 2.87328 2.89328
8.20000 0.68219 1.18129 0.02000 2.87328 2.89328
8.21000 0.69370 1.11899 0.02000 2.87328 2.89328
8.22000 0.70457 1.05586 0.02000 2.87328 2.89328
8.23000 0.71481 0.99193 0.02000 2.87328 2.89328
8.24000 0.72441 0.92727 0.02000 2.87328 2.89328
8.25000 0.73335 0.86193 0.02000 2.87328 2.89328
8.26000 0.74164 0.79596 0.02000 2.87328 2.89328
8.27000 0.74927 0.72941 0.02000 2.87328 2.89328
8.28000 0.75623 0.66234 0.02000 2.87328 2.89328
8.29000 0.76252 0.59480 0.02000 2.87328 2.89328
8.30000 0.76812 0.52684 0.02000 2.87328 2.89328
8.31000 0.77305 0.45850 0.02000 2.87328 2.89328
8.32000 0.77729 0.38984 0.02000 2.87328 2.89328
8.33000 0.78085 0.32091 0.02000 2.87328 2.89328
8.34000 0.78371 0.25176 0.02000 2.87328 2.89328
8.35000 0.78588 0.18243 0.02000 2.87328 2.89328
8.36000 0.78736 0.11297 0.02000 2.87328 2.89328
8.37000 0.78814 0.04344 0.02000 2.87328 2.89328
8.38000 0.78823 -0.02613 0.02000 2.87328 2.89328
8.39000 0.78762 -0.09567 0.02000 2.87328 2.89328
8.40000 0.78631 -0.16515 0.02000 2.87328 2.89328
8.41000 0.78432 -0.23452 0.02000 2.87328 2.89328
8.42000 0.78163 -0.30372 0.02000 2.87328 2.89328
8.43000 0.77824 -0.37271 0.02000 2.87328 2.89328
8.44000 0.77417 -0.44144 0.02000 2.87328 2.89328
8.45000 0.76941 -0.50986 0.02000 2.87328 2.89328
8.46000 0.76398 -0.57793 0.02000 2.87328 2.89328
8.47000 0.75786 -0.64558 0.02000 2.87328 2.89328
8.48000 0.75107 -0.71277 0.02000 2.87328 2.89328
8.49000 0.74360 -0.77945 0.02000 2.87328 2.89328
8.50000 0.73548 -0.84557 0.02000 2.87328 2.89328
8.51000 0.72669 -0.91107 0.02000 2.87328 2.89328
8.52000 0.71726 -0.97591 0.02000 2.87328 2.89328
8.53000 0.70718 -1.04002 0.02000 2.87328 2.89328
8.54000 0.69646 -1.10336 0.02000 2.87328 2.89328
8.55000 0.68511 -1.16587 0.02000 2.87328 2.89328
8.56000 0.67315 -1.22749 0.02000 2.87328 2.89328
8.57000 0.66057 -1.28817 0.02000 2.87328 2.89328
8.58000 0.64739 -1.34785 0.02000 2.87328 2.89328
8.59000 0.63361 -1.40648 0.02000 2.87328 2.89328
8.60000 0.61926 -1.46399 0.02000 2.87328 2.89328
8.61000 0.60434 -1.52034 0.02000 2.87328 2.89328
8.62000 0.58886 -1.57546 0.02000 2.87328 2.89328
8.63000 0.57283 -1.62929 0.02000 2.87328 2.89328
8.64000 0.55628 -1.68178 0.02000 2.87328 2.89328
8.65000 0.53920 -1.73287 0.02000 2.87328 2.89328
8.66000 0.52162 -1.78250 0.02000 2.87328 2.89328
8.67000 0.50356 -1.83062 0.02000 2.87328 2.89328
8.68000 0.48502 -1.87716 0.02000 2.87328 2.89328
8.69000 0.46602 -1.92207 0.02000 2.87328 2.89328
8.70000 0.44658 -1.96530 0.02000 2.87328 2.89328
8.71000 0.42672 -2.00679 0.02000 2.87328 2.89328
8.72000 0.40645 -2.04649 0.02000 2.87328 2.89328
8.73000 0.38580 -2.08434 0.02000 2.87328 2.89328
8.74000 0.36477 -2.12030 0.02000 2.87328 2.89328
8.75000 0.34340 -2.15432 0.02000 2.87328 2.89328
8.76000 0.32169 -2.18634 0.02000 2.87328 2.89328
8.77000 0.29968 -2.21634 0.02000 2.87328 2.89328
8.78000 0.27737 -2.24425 0.02000 2.87328 2.89328
8.79000 0.25480 -2.27005 0.02000 2.87328 2.89328
8.80000 0.23198 -2.29369 0.02000 2.87328 2.89328
8.81000 0.20893 -2.31514 0.02000 2.87328 2.89328
8.82000 0.18568 -2.33437 0.02000 2.87328 2.89328
8.83000 0.16225 -2.35136 0.02000 2.87328 2.89328
8.84000 0.13866 -2.36606 0.02000 2.87328 2.89328
8.85000 0.11494 -2.37847 0.02000 2.87328 2.89328
8.86000 0.09110 -2.38856 0.02000 2.87328 2.89328
8.87000 0.06718 -2.39631 0.02000 2.87328 2.89328
8.88000 0.04318 -2.40172 0.02000 2.87328 2.89328
8.89000 0.01915 -2.40478 0.02000 2.87328 2.89328
8.90000 -0.00490 -2.40548 0.02000 2.87328 2.89328
8.91000 -0.02895 -2.40382 0.02000 2.87328 2.89328
8.92000 -0.05297 -2.39980 0.02000 2.87328 2.89328
8.93000 -0.07694 -2.39343 0.02000 2.87328 2.89328
8.94000 -0.10083 -2.38472 0.02000 2.87328 2.89328
8.95000 -0.12463 -2.37369 0.02000 2.87328 2.89328
8.96000 -0.14830 -2.36034 0.02000 2.87328 2.89328
8.97000 -0.17183 -2.34470 0.02000 2.87328 2.89328
8.98000 -0.19519 -2.32680 0.02000 2.87328 2.89328
8.99000 -0.21836 -2.30666 0.02000 2.87328 2.89328
9.00000 -0.24131 -2.28431 0.02000 2.87328 2.89328
9.01000 -0.26403 -2.25979 0.02000 2.87328 2.89328
9.02000 -0.28650 -2.23312 0.02000 2.87328 2.89328
9.03000 -0.30869 -2.20435 0.02000 2.87328 2.89328
9.04000 -0.33058 -2.17353 0.02000 2.87328 2.89328
9.05000 -0.35215 -2.14068 0.02000 2.87328 2.89328
9.06000 -0.37339 -2.10587 0.02000 2.87328 2.89328
9.07000 -0.39426 -2.06913 0.02000 2.87328 2.89328
9.08000 -0.41476 -2.03052 0.02000 2.87328 2.89328
9.09000 -0.43487 -1.99008 0.02000 2.87328 2.89328
9.10000 -0.45456 -1.94788 0.02000 2.87328 2.89328
9.11000 -0.47382 -1.90396 0.02000 2.87328 2.89328
9.12000 -0.49263 -1.85837 0.02000 2.87328 2.89328
9.13000 -0.51098 -1.81118 0.02000 2.87328 2.89328
9.14000 -0.52885 -1.76244 0.02000 2.87328 2.89328
9.15000 -0.54623 -1.71221 0.02000 2.87328 2.89328
9.16000 -0.56309 -1.66054 0.02000 2.87328 2.89328
9.17000 -0.57943 -1.60750 0.02000 2.87328 2.89328
9.18000 -0.59524 -1.55313 0.02000 2.87328 2.89328
9.19000 -0.61049 -1.49751 0.02000 2.87328 2.89328
9.20000 -0.62518 -1.44068 0.02000 2.87328 2.89328
9.21000 -0.63930 -1.38270 0.02000 2.87328 2.89328
9.22000 -0.65283 -1.32364 0.02000 2.87328 2.89328
9.23000 -0.66577 -1.26354 0.02000 2.87328 2.89328
9.24000 -0.67810 -1.20247 0.02000 2.87328 2.89328
9.25000 -0.68982 -1.14048 0.02000 2.87328 2.89328
9.26000 -0.70091 -1.07763 0.02000 2.87328 2.89328
9.27000 -0.71137 -1.01397 0.02000 2.87328 2.89328
9.28000 -0.72119 -0.94955 0.02000 2.87328 2.89328
9.29000 -0.73036 -0.88444 0.02000 2.87328 2.89328
9.30000 -0.73887 -0.81868 0.02000 2.87328 2.89328
9.31000 -0.74673 -0.75232 0.02000 2.87328 2.89328
9.32000 -0.75392 -0.68543 0.02000 2.87328 2.89328
9.33000 -0.76043 -0.61804 0.02000 2.87328 2.89328
9.34000 -0.76628 -0.55022 0.02000 2.87328 2.89328
9.35000 -0.77144 -0.48200 0.02000 2.87328 2.89328
9.36000 -0.77591 -0.41345 0.02000 2.87328 2.89328
9.37000 -0.77971 -0.34461 0.02000 2.87328 2.89328
9.38000 -0.78281 -0.27552 0.02000 2.87328 2.89328
9.39000 -0.78522 -0.20625 0.02000 2.87328 2.89328
9.40000 -0.78693 -0.13683 0.02000 2.87328 2.89328
9.41000 -0.78795 -0.06732 0.02000 2.87328 2.89328
9.42000 -0.78828 0.00224 0.02000 2.87328 2.89328
9.43000 -0.78791 0.07180 0.02000 2.87328 2.89328
9.44000 -0.78684 0.14131 0.02000 2.87328 2.89328
9.45000 -0.78508 0.21072 0.02000 2.87328 2.89328
9.46000 -0.78263 0.27998 0.02000 2.87328 2.89328
9.47000 -0.77948 0.34905 0.02000 2.87328 2.89328
9.48000 -0.77565 0.41788 0.02000 2.87328 2.89328
9.49000 -0.77113 0.48641 0.02000 2.87328 2.89328
9.50000 -0.76592 0.55460 0.02000 2.87328 2.89328
9.51000 -0.76003 0.62240 0.02000 2.87328 2.89328
9.52000 -0.75347 0.68975 0.02000 2.87328 2.89328
9.53000 -0.74624 0.75662 0.02000 2.87328 2.89328
9.54000 -0.73834 0.82293 0.02000 2.87328 2.89328
9.55000 -0.72978 0.88865 0.02000 2.87328 2.89328
9.56000 -0.72057 0.95372 0.02000 2.87328 2.89328
9.57000 -0.71071 1.01809 0.02000 2.87328 2.89328
9.58000 -0.70021 1.08170 0.02000 2.87328 2.89328
9.59000 -0.68908 1.14450 0.02000 2.87328 2.89328
9.60000 -0.67733 1.20643 0.02000 2.87328 2.89328
9.61000 -0.66496 1.26744 0.02000 2.87328 2.89328
9.62000 -0.65198 1.32747 0.02000 2.87328 2.89328
9.63000 -0.63841 1.38647 0.02000 2.87328 2.89328
9.64000 -0.62425 1.44438 0.02000 2.87328 2.89328
9.65000 -0.60953 1.50113 0.02000 2.87328 2.89328
9.66000 -0.59424 1.55668 0.02000 2.87328 2.89328
9.67000 -0.57840 1.61096 0.02000 2.87328 2.89328
9.68000 -0.56202 1.66392 0.02000 2.87328 2.89328
9.69000 -0.54512 1.71549 0.02000 2.87328 2.89328
9.70000 -0.52772 1.76563 0.02000 2.87328 2.89328
9.71000 -0.50981 1.81427 0.02000 2.87328 2.89328
9.72000 -0.49144 1.86136 0.02000 2.87328 2.89328
9.73000 -0.47259 1.90684 0.02000 2.87328 2.89328
9.74000 -0.45330 1.95065 0.02000 2.87328 2.89328
9.75000 -0.43359 1.99274 0.02000 2.87328 2.89328
9.76000 -0.41346 2.03306 0.02000 2.87328 2.89328
9.77000 -0.39293 2.07156 0.02000 2.87328 2.89328
9.78000 -0.37203 2.10817 0.02000 2.87328 2.89328
9.79000 -0.35077 2.14286 0.02000 2.87328 2.89328
9.80000 -0.32918 2.17557 0.02000 2.87328 2.89328
9.81000 -0.30727 2.20627 0.02000 2.87328 2.89328
9.82000 -0.28506 2.23490 0.02000 2.87328 2.89328
9.83000 -0.26258 2.26143 0.02000 2.87328 2.89328
9.84000 -0.23984 2.28582 0.02000 2.87328 2.89328
9.85000 -0.21687 2.30803 0.02000 2.87328 2.89328
9.86000 -0.19369 2.32802 0.02000 2.87328 2.89328
9.87000 -0.17032 2.34578 0.02000 2.87328 2.89328
9.88000 -0.14678 2.36127 0.02000 2.87328 2.89328
9.89000 -0.12310 2.37447 0.02000 2.87328 2.89328
9.90000 -0.09930 2.38536 0.02000 2.87328 2.89328
9.91000 -0.07540 2.39391 0.02000 2.87328 2.89328
9.92000 -0.05143 2.40013 0.02000 2.87328 2.89328
9.93000 -0.02740 2.40400 0.02000 2.87328 2.89328
9.94000 -0.00335 2.40551 0.02000 2.87328 2.89328
9.95000 0.02070 2.40465 0.02000 2.87328 2.89328
9.96000 0.04473 2.40145 0.02000 2.87328 2.89328
9.97000 0.06872 2.39588 0.02000 2.87328 2.89328
9.98000 0.09264 2.38798 0.02000 2.87328 2.89328
9.99000 0.11647 2.37774 0.02000 2.87328 2.89328
